/*--------------------------------*- C++ -*----------------------------------*\
  =========                 |
  \\      /  F ield         | OpenFOAM: The Open Source CFD Toolbox
   \\    /   O peration     | Website:  https://openfoam.org
    \\  /    A nd           | Version:  9
     \\/     M anipulation  |
\*---------------------------------------------------------------------------*/
FoamFile
{
    format      ascii;
    class       cellSet;
    location    "constant/polyMesh/sets";
    object      surpressedSet;
}
// * * * * * * * * * * * * * * * * * * * * * * * * * * * * * * * * * * * * * //


2457
(
0 
1 
2 
3 
4 
5 
6 
7 
8 
9 
10 
11 
12 
13 
14 
15 
16 
17 
18 
19 
20 
21 
22 
23 
24 
25 
26 
27 
28 
29 
30 
31 
32 
33 
34 
35 
36 
37 
38 
39 
40 
41 
78 
79 
80 
81 
118 
119 
120 
121 
158 
159 
160 
161 
198 
199 
200 
201 
202 
203 
204 
205 
206 
211 
212 
213 
214 
215 
216 
217 
223 
224 
225 
226 
227 
234 
235 
236 
237 
238 
239 
240 
241 
242 
243 
244 
245 
246 
251 
252 
253 
254 
255 
256 
257 
262 
263 
264 
265 
266 
267 
268 
273 
274 
275 
276 
277 
278 
279 
280 
281 
282 
283 
284 
285 
286 
291 
292 
293 
294 
295 
296 
297 
302 
303 
304 
305 
306 
307 
308 
313 
314 
315 
316 
317 
318 
319 
320 
321 
322 
323 
324 
325 
326 
331 
332 
333 
334 
335 
336 
337 
342 
343 
344 
345 
346 
347 
348 
353 
354 
355 
356 
357 
358 
359 
360 
361 
362 
363 
364 
365 
366 
371 
372 
373 
374 
375 
376 
377 
382 
383 
384 
385 
386 
387 
388 
393 
394 
395 
396 
397 
398 
399 
400 
401 
402 
403 
404 
405 
406 
407 
408 
409 
410 
411 
412 
413 
414 
415 
416 
417 
418 
419 
420 
421 
422 
423 
424 
425 
426 
427 
428 
429 
430 
431 
432 
433 
434 
435 
436 
437 
438 
439 
440 
441 
442 
443 
444 
445 
446 
447 
448 
449 
450 
451 
452 
453 
454 
455 
456 
457 
458 
459 
460 
461 
462 
463 
464 
465 
466 
467 
468 
469 
470 
471 
472 
473 
474 
475 
476 
477 
478 
479 
480 
481 
482 
483 
484 
485 
486 
487 
488 
489 
490 
491 
492 
493 
494 
495 
496 
497 
498 
499 
500 
501 
502 
503 
504 
505 
506 
507 
508 
509 
510 
511 
512 
513 
514 
515 
516 
517 
518 
519 
520 
521 
558 
559 
560 
561 
598 
599 
600 
601 
638 
639 
640 
641 
678 
679 
680 
681 
682 
683 
684 
685 
686 
691 
692 
693 
694 
695 
696 
697 
703 
704 
705 
706 
707 
714 
715 
716 
717 
718 
719 
720 
721 
722 
723 
724 
725 
726 
731 
732 
733 
734 
735 
736 
737 
742 
743 
744 
745 
746 
747 
748 
753 
754 
755 
756 
757 
758 
759 
760 
761 
762 
763 
764 
765 
766 
771 
772 
773 
774 
775 
776 
777 
782 
783 
784 
785 
786 
787 
788 
793 
794 
795 
796 
797 
798 
799 
800 
801 
802 
803 
804 
805 
806 
811 
812 
813 
814 
815 
816 
817 
822 
823 
824 
825 
826 
827 
828 
833 
834 
835 
836 
837 
838 
839 
840 
841 
842 
843 
844 
845 
846 
851 
852 
853 
854 
855 
856 
857 
862 
863 
864 
865 
866 
867 
868 
873 
874 
875 
876 
877 
878 
879 
880 
881 
882 
883 
884 
885 
886 
887 
888 
889 
890 
891 
892 
893 
894 
895 
896 
897 
898 
899 
900 
901 
902 
903 
904 
905 
906 
907 
908 
909 
910 
911 
912 
913 
914 
915 
916 
917 
918 
919 
920 
921 
922 
923 
924 
925 
926 
927 
928 
929 
930 
931 
932 
933 
934 
935 
936 
937 
938 
939 
940 
941 
942 
943 
944 
945 
946 
947 
948 
949 
950 
951 
952 
953 
954 
955 
956 
957 
958 
959 
960 
961 
962 
963 
964 
965 
966 
967 
968 
969 
970 
971 
972 
973 
974 
975 
976 
977 
978 
979 
980 
981 
982 
983 
984 
985 
986 
987 
988 
989 
990 
991 
992 
993 
994 
995 
996 
997 
998 
999 
1000 
1001 
1038 
1039 
1040 
1041 
1078 
1079 
1080 
1081 
1118 
1119 
1120 
1121 
1158 
1159 
1160 
1161 
1162 
1163 
1164 
1165 
1166 
1171 
1172 
1173 
1174 
1175 
1176 
1177 
1183 
1184 
1185 
1186 
1187 
1194 
1195 
1196 
1197 
1198 
1199 
1200 
1201 
1202 
1203 
1204 
1205 
1206 
1211 
1212 
1213 
1214 
1215 
1216 
1217 
1222 
1223 
1224 
1225 
1226 
1227 
1228 
1233 
1234 
1235 
1236 
1237 
1238 
1239 
1240 
1241 
1242 
1243 
1244 
1245 
1246 
1251 
1252 
1253 
1254 
1255 
1256 
1257 
1262 
1263 
1264 
1265 
1266 
1267 
1268 
1273 
1274 
1275 
1276 
1277 
1278 
1279 
1280 
1281 
1282 
1283 
1284 
1285 
1286 
1291 
1292 
1293 
1294 
1295 
1296 
1297 
1302 
1303 
1304 
1305 
1306 
1307 
1308 
1313 
1314 
1315 
1316 
1317 
1318 
1319 
1320 
1321 
1322 
1323 
1324 
1325 
1326 
1331 
1332 
1333 
1334 
1335 
1336 
1337 
1342 
1343 
1344 
1345 
1346 
1347 
1348 
1353 
1354 
1355 
1356 
1357 
1358 
1359 
1360 
1361 
1362 
1363 
1364 
1365 
1366 
1367 
1368 
1369 
1370 
1371 
1372 
1373 
1374 
1375 
1376 
1377 
1378 
1379 
1380 
1381 
1382 
1383 
1384 
1385 
1386 
1387 
1388 
1389 
1390 
1391 
1392 
1393 
1394 
1395 
1396 
1397 
1398 
1399 
1400 
1401 
1402 
1403 
1404 
1405 
1406 
1407 
1408 
1409 
1410 
1411 
1412 
1413 
1414 
1415 
1416 
1417 
1418 
1419 
1420 
1421 
1422 
1423 
1424 
1425 
1426 
1427 
1428 
1429 
1430 
1431 
1432 
1433 
1434 
1435 
1436 
1437 
1438 
1439 
1440 
1441 
1442 
1443 
1444 
1445 
1446 
1447 
1448 
1449 
1450 
1451 
1452 
1453 
1454 
1455 
1456 
1457 
1458 
1459 
1460 
1461 
1462 
1463 
1464 
1465 
1466 
1467 
1468 
1469 
1470 
1471 
1472 
1473 
1474 
1475 
1476 
1477 
1478 
1479 
1480 
1481 
1518 
1519 
1520 
1521 
1558 
1559 
1560 
1561 
1598 
1599 
1600 
1601 
1638 
1639 
1640 
1641 
1642 
1643 
1644 
1645 
1646 
1651 
1652 
1653 
1654 
1655 
1656 
1657 
1663 
1664 
1665 
1666 
1667 
1674 
1675 
1676 
1677 
1678 
1679 
1680 
1681 
1682 
1683 
1684 
1685 
1686 
1691 
1692 
1693 
1694 
1695 
1696 
1697 
1702 
1703 
1704 
1705 
1706 
1707 
1708 
1713 
1714 
1715 
1716 
1717 
1718 
1719 
1720 
1721 
1722 
1723 
1724 
1725 
1726 
1731 
1732 
1733 
1734 
1735 
1736 
1737 
1742 
1743 
1744 
1745 
1746 
1747 
1748 
1753 
1754 
1755 
1756 
1757 
1758 
1759 
1760 
1761 
1762 
1763 
1764 
1765 
1766 
1771 
1772 
1773 
1774 
1775 
1776 
1777 
1782 
1783 
1784 
1785 
1786 
1787 
1788 
1793 
1794 
1795 
1796 
1797 
1798 
1799 
1800 
1801 
1802 
1803 
1804 
1805 
1806 
1811 
1812 
1813 
1814 
1815 
1816 
1817 
1822 
1823 
1824 
1825 
1826 
1827 
1828 
1833 
1834 
1835 
1836 
1837 
1838 
1839 
1840 
1841 
1842 
1843 
1844 
1845 
1846 
1847 
1848 
1849 
1850 
1851 
1852 
1853 
1854 
1855 
1856 
1857 
1858 
1859 
1860 
1861 
1862 
1863 
1864 
1865 
1866 
1867 
1868 
1869 
1870 
1871 
1872 
1873 
1874 
1875 
1876 
1877 
1878 
1879 
1880 
1881 
1882 
1883 
1884 
1885 
1886 
1887 
1888 
1889 
1890 
1891 
1892 
1893 
1894 
1895 
1896 
1897 
1898 
1899 
1900 
1901 
1902 
1903 
1904 
1905 
1906 
1907 
1908 
1909 
1910 
1911 
1912 
1913 
1914 
1915 
1916 
1917 
1918 
1919 
1920 
1921 
1922 
1923 
1924 
1925 
1926 
1927 
1928 
1929 
1930 
1931 
1932 
1933 
1934 
1935 
1936 
1937 
1938 
1939 
1940 
1941 
1942 
1943 
1944 
1945 
1946 
1947 
1948 
1949 
1950 
1951 
1952 
1953 
1954 
1955 
1956 
1957 
1958 
1959 
1960 
1961 
1998 
1999 
2000 
2001 
2038 
2039 
2040 
2041 
2078 
2079 
2080 
2081 
2118 
2119 
2120 
2121 
2122 
2123 
2124 
2125 
2126 
2131 
2132 
2133 
2134 
2135 
2136 
2137 
2143 
2144 
2145 
2146 
2147 
2154 
2155 
2156 
2157 
2158 
2159 
2160 
2161 
2162 
2163 
2164 
2165 
2166 
2171 
2172 
2173 
2174 
2175 
2176 
2177 
2182 
2183 
2184 
2185 
2186 
2187 
2188 
2193 
2194 
2195 
2196 
2197 
2198 
2199 
2200 
2201 
2202 
2203 
2204 
2205 
2206 
2211 
2212 
2213 
2214 
2215 
2216 
2217 
2222 
2223 
2224 
2225 
2226 
2227 
2228 
2233 
2234 
2235 
2236 
2237 
2238 
2239 
2240 
2241 
2242 
2243 
2244 
2245 
2246 
2251 
2252 
2253 
2254 
2255 
2256 
2257 
2262 
2263 
2264 
2265 
2266 
2267 
2268 
2273 
2274 
2275 
2276 
2277 
2278 
2279 
2280 
2281 
2282 
2283 
2284 
2285 
2286 
2291 
2292 
2293 
2294 
2295 
2296 
2297 
2302 
2303 
2304 
2305 
2306 
2307 
2308 
2313 
2314 
2315 
2316 
2317 
2318 
2319 
2320 
2321 
2322 
2323 
2324 
2325 
2326 
2327 
2328 
2329 
2330 
2331 
2332 
2333 
2334 
2335 
2336 
2337 
2338 
2339 
2340 
2341 
2342 
2343 
2344 
2345 
2346 
2347 
2348 
2349 
2350 
2351 
2352 
2353 
2354 
2355 
2356 
2357 
2358 
2359 
2360 
2361 
2362 
2363 
2364 
2365 
2366 
2367 
2368 
2369 
2370 
2371 
2372 
2373 
2374 
2375 
2376 
2377 
2378 
2379 
2380 
2381 
2382 
2383 
2384 
2385 
2386 
2387 
2388 
2389 
2390 
2391 
2392 
2393 
2394 
2395 
2396 
2397 
2398 
2399 
2400 
2401 
2402 
2403 
2404 
2405 
2406 
2407 
2408 
2409 
2410 
2411 
2412 
2413 
2414 
2415 
2416 
2417 
2418 
2419 
2420 
2421 
2422 
2423 
2424 
2425 
2426 
2427 
2428 
2429 
2430 
2431 
2432 
2433 
2434 
2435 
2436 
2437 
2438 
2439 
2440 
2441 
2478 
2479 
2480 
2481 
2518 
2519 
2520 
2521 
2558 
2559 
2560 
2561 
2598 
2599 
2600 
2601 
2602 
2603 
2604 
2605 
2606 
2611 
2612 
2613 
2614 
2615 
2616 
2617 
2623 
2624 
2625 
2626 
2627 
2634 
2635 
2636 
2637 
2638 
2639 
2640 
2641 
2642 
2643 
2644 
2645 
2646 
2651 
2652 
2653 
2654 
2655 
2656 
2657 
2662 
2663 
2664 
2665 
2666 
2667 
2668 
2673 
2674 
2675 
2676 
2677 
2678 
2679 
2680 
2681 
2682 
2683 
2684 
2685 
2686 
2691 
2692 
2693 
2694 
2695 
2696 
2697 
2702 
2703 
2704 
2705 
2706 
2707 
2708 
2713 
2714 
2715 
2716 
2717 
2718 
2719 
2720 
2721 
2722 
2723 
2724 
2725 
2726 
2731 
2732 
2733 
2734 
2735 
2736 
2737 
2742 
2743 
2744 
2745 
2746 
2747 
2748 
2753 
2754 
2755 
2756 
2757 
2758 
2759 
2760 
2761 
2762 
2763 
2764 
2765 
2766 
2771 
2772 
2773 
2774 
2775 
2776 
2777 
2782 
2783 
2784 
2785 
2786 
2787 
2788 
2793 
2794 
2795 
2796 
2797 
2798 
2799 
2800 
2801 
2802 
2803 
2804 
2805 
2806 
2807 
2808 
2809 
2810 
2811 
2812 
2813 
2814 
2815 
2816 
2817 
2818 
2819 
2820 
2821 
2822 
2823 
2824 
2825 
2826 
2827 
2828 
2829 
2830 
2831 
2832 
2833 
2834 
2835 
2836 
2837 
2838 
2839 
2840 
2841 
2842 
2843 
2844 
2845 
2846 
2847 
2848 
2849 
2850 
2851 
2852 
2853 
2854 
2855 
2856 
2857 
2858 
2859 
2860 
2861 
2862 
2863 
2864 
2865 
2866 
2867 
2868 
2869 
2870 
2871 
2872 
2873 
2874 
2875 
2876 
2877 
2878 
2879 
2880 
2881 
2882 
2883 
2884 
2885 
2886 
2887 
2888 
2889 
2890 
2891 
2892 
2893 
2894 
2895 
2896 
2897 
2898 
2899 
2900 
2901 
2902 
2903 
2904 
2905 
2906 
2907 
2908 
2909 
2910 
2911 
2912 
2913 
2914 
2915 
2916 
2917 
2918 
2919 
2920 
2921 
2958 
2959 
2960 
2961 
2998 
2999 
3000 
3001 
3038 
3039 
3040 
3041 
3078 
3079 
3080 
3081 
3082 
3083 
3084 
3085 
3086 
3091 
3092 
3093 
3094 
3095 
3096 
3097 
3103 
3104 
3105 
3106 
3107 
3114 
3115 
3116 
3117 
3118 
3119 
3120 
3121 
3122 
3123 
3124 
3125 
3126 
3131 
3132 
3133 
3134 
3135 
3136 
3137 
3142 
3143 
3144 
3145 
3146 
3147 
3148 
3153 
3154 
3155 
3156 
3157 
3158 
3159 
3160 
3161 
3162 
3163 
3164 
3165 
3166 
3171 
3172 
3173 
3174 
3175 
3176 
3177 
3182 
3183 
3184 
3185 
3186 
3187 
3188 
3193 
3194 
3195 
3196 
3197 
3198 
3199 
3200 
3201 
3202 
3203 
3204 
3205 
3206 
3211 
3212 
3213 
3214 
3215 
3216 
3217 
3222 
3223 
3224 
3225 
3226 
3227 
3228 
3233 
3234 
3235 
3236 
3237 
3238 
3239 
3240 
3241 
3242 
3243 
3244 
3245 
3246 
3251 
3252 
3253 
3254 
3255 
3256 
3257 
3262 
3263 
3264 
3265 
3266 
3267 
3268 
3273 
3274 
3275 
3276 
3277 
3278 
3279 
3280 
3281 
3282 
3283 
3284 
3285 
3286 
3287 
3288 
3289 
3290 
3291 
3292 
3293 
3294 
3295 
3296 
3297 
3298 
3299 
3300 
3301 
3302 
3303 
3304 
3305 
3306 
3307 
3308 
3309 
3310 
3311 
3312 
3313 
3314 
3315 
3316 
3317 
3318 
3319 
3320 
3321 
3322 
3323 
3324 
3325 
3326 
3327 
3328 
3329 
3330 
3331 
3332 
3333 
3334 
3335 
3336 
3337 
3338 
3339 
3340 
3341 
3342 
3343 
3344 
3345 
3346 
3347 
3348 
3349 
3350 
3351 
3352 
3353 
3354 
3355 
3356 
3357 
3358 
3359 
3360 
3361 
3362 
3363 
3364 
3365 
3366 
3367 
3368 
3369 
3370 
3371 
3372 
3373 
3374 
3375 
3376 
3377 
3378 
3379 
3380 
3381 
3382 
3383 
3384 
3385 
3386 
3387 
3388 
3389 
3390 
3391 
3392 
3393 
3394 
3395 
3396 
3397 
3398 
3399 
3400 
3401 
3438 
3439 
3440 
3441 
3478 
3479 
3480 
3481 
3518 
3519 
3520 
3521 
3558 
3559 
3560 
3561 
3562 
3563 
3564 
3565 
3566 
3571 
3572 
3573 
3574 
3575 
3576 
3577 
3583 
3584 
3585 
3586 
3587 
3594 
3595 
3596 
3597 
3598 
3599 
3600 
3601 
3602 
3603 
3604 
3605 
3606 
3611 
3612 
3613 
3614 
3615 
3616 
3617 
3622 
3623 
3624 
3625 
3626 
3627 
3628 
3633 
3634 
3635 
3636 
3637 
3638 
3639 
3640 
3641 
3642 
3643 
3644 
3645 
3646 
3651 
3652 
3653 
3654 
3655 
3656 
3657 
3662 
3663 
3664 
3665 
3666 
3667 
3668 
3673 
3674 
3675 
3676 
3677 
3678 
3679 
3680 
3681 
3682 
3683 
3684 
3685 
3686 
3691 
3692 
3693 
3694 
3695 
3696 
3697 
3702 
3703 
3704 
3705 
3706 
3707 
3708 
3713 
3714 
3715 
3716 
3717 
3718 
3719 
3720 
3721 
3722 
3723 
3724 
3725 
3726 
3731 
3732 
3733 
3734 
3735 
3736 
3737 
3742 
3743 
3744 
3745 
3746 
3747 
3748 
3753 
3754 
3755 
3756 
3757 
3758 
3759 
3760 
3761 
3762 
3763 
3764 
3765 
3766 
3767 
3768 
3769 
3770 
3771 
3772 
3773 
3774 
3775 
3776 
3777 
3778 
3779 
3780 
3781 
3782 
3783 
3784 
3785 
3786 
3787 
3788 
3789 
3790 
3791 
3792 
3793 
3794 
3795 
3796 
3797 
3798 
3799 
3800 
3801 
3802 
3803 
3804 
3805 
3806 
3807 
3808 
3809 
3810 
3811 
3812 
3813 
3814 
3815 
3816 
3817 
3818 
3819 
3820 
3821 
3822 
3823 
3824 
3825 
3826 
3827 
3828 
3829 
3830 
3831 
3832 
3833 
3834 
3835 
3836 
3837 
3838 
3839 
3840 
3841 
3842 
3843 
3844 
3845 
3846 
3847 
3848 
3849 
3850 
3851 
3852 
3853 
3854 
3855 
3856 
3857 
3858 
3859 
3860 
3861 
3862 
3863 
3864 
3865 
3866 
3867 
3868 
3869 
3870 
3871 
3872 
3873 
3874 
3875 
3876 
3877 
3878 
3879 
3880 
3881 
3918 
3919 
3920 
3921 
3958 
3959 
3960 
3961 
3998 
3999 
4000 
4001 
4038 
4039 
4040 
4041 
4042 
4043 
4044 
4045 
4046 
4051 
4052 
4053 
4054 
4055 
4056 
4057 
4063 
4064 
4065 
4066 
4067 
4074 
4075 
4076 
4077 
4078 
4079 
4080 
4081 
4082 
4083 
4084 
4085 
4086 
4091 
4092 
4093 
4094 
4095 
4096 
4097 
4102 
4103 
4104 
4105 
4106 
4107 
4108 
4113 
4114 
4115 
4116 
4117 
4118 
4119 
4120 
4121 
4122 
4123 
4124 
4125 
4126 
4131 
4132 
4133 
4134 
4135 
4136 
4137 
4142 
4143 
4144 
4145 
4146 
4147 
4148 
4153 
4154 
4155 
4156 
4157 
4158 
4159 
4160 
4161 
4162 
4163 
4164 
4165 
4166 
4171 
4172 
4173 
4174 
4175 
4176 
4177 
4182 
4183 
4184 
4185 
4186 
4187 
4188 
4193 
4194 
4195 
4196 
4197 
4198 
4199 
4200 
4201 
4202 
4203 
4204 
4205 
4206 
4211 
4212 
4213 
4214 
4215 
4216 
4217 
4222 
4223 
4224 
4225 
4226 
4227 
4228 
4233 
4234 
4235 
4236 
4237 
4238 
4239 
4240 
4241 
4242 
4243 
4244 
4245 
4246 
4247 
4248 
4249 
4250 
4251 
4252 
4253 
4254 
4255 
4256 
4257 
4258 
4259 
4260 
4261 
4262 
4263 
4264 
4265 
4266 
4267 
4268 
4269 
4270 
4271 
4272 
4273 
4274 
4275 
4276 
4277 
4278 
4279 
4280 
4281 
4282 
4283 
4284 
4285 
4286 
4287 
4288 
4289 
4290 
4291 
4292 
4293 
4294 
4295 
4296 
4297 
4298 
4299 
4300 
4301 
4302 
4303 
4304 
4305 
4306 
4307 
4308 
4309 
4310 
4311 
4312 
4313 
4314 
4315 
4316 
4317 
4318 
4319 
)

// ************************************************************************* //
