/*--------------------------------*- C++ -*----------------------------------*\
  =========                 |
  \\      /  F ield         | OpenFOAM: The Open Source CFD Toolbox
   \\    /   O peration     | Website:  https://openfoam.org
    \\  /    A nd           | Version:  9
     \\/     M anipulation  |
\*---------------------------------------------------------------------------*/
FoamFile
{
    format      ascii;
    class       labelList;
    note        "nPoints: 5330 nCells: 4320 nFaces: 13908 nInternalFaces: 12012";
    location    "constant/polyMesh";
    object      neighbour;
}
// * * * * * * * * * * * * * * * * * * * * * * * * * * * * * * * * * * * * * //


12012
(
1
40
480
2
41
481
3
42
482
4
43
483
5
44
484
6
45
485
7
46
486
8
47
487
9
48
488
10
49
489
11
50
490
12
51
491
13
52
492
14
53
493
15
54
494
16
55
495
17
56
496
18
57
497
19
58
498
20
59
499
21
60
500
22
61
501
23
62
502
24
63
503
25
64
504
26
65
505
27
66
506
28
67
507
29
68
508
30
69
509
31
70
510
32
71
511
33
72
512
34
73
513
35
74
514
36
75
515
37
76
516
38
77
517
39
78
518
79
519
41
80
520
42
81
521
43
82
522
44
83
523
45
84
524
46
85
525
47
86
526
48
87
527
49
88
528
50
89
529
51
90
530
52
91
531
53
92
532
54
93
533
55
94
534
56
95
535
57
96
536
58
97
537
59
98
538
60
99
539
61
100
540
62
101
541
63
102
542
64
103
543
65
104
544
66
105
545
67
106
546
68
107
547
69
108
548
70
109
549
71
110
550
72
111
551
73
112
552
74
113
553
75
114
554
76
115
555
77
116
556
78
117
557
79
118
558
119
559
81
120
560
82
121
561
83
122
562
84
123
563
85
124
564
86
125
565
87
126
566
88
127
567
89
128
568
90
129
569
91
130
570
92
131
571
93
132
572
94
133
573
95
134
574
96
135
575
97
136
576
98
137
577
99
138
578
100
139
579
101
140
580
102
141
581
103
142
582
104
143
583
105
144
584
106
145
585
107
146
586
108
147
587
109
148
588
110
149
589
111
150
590
112
151
591
113
152
592
114
153
593
115
154
594
116
155
595
117
156
596
118
157
597
119
158
598
159
599
121
160
600
122
161
601
123
162
602
124
163
603
125
164
604
126
165
605
127
166
606
128
167
607
129
168
608
130
169
609
131
170
610
132
171
611
133
172
612
134
173
613
135
174
614
136
175
615
137
176
616
138
177
617
139
178
618
140
179
619
141
180
620
142
181
621
143
182
622
144
183
623
145
184
624
146
185
625
147
186
626
148
187
627
149
188
628
150
189
629
151
190
630
152
191
631
153
192
632
154
193
633
155
194
634
156
195
635
157
196
636
158
197
637
159
198
638
199
639
161
200
640
162
201
641
163
202
642
164
203
643
165
204
644
166
205
645
167
206
646
168
207
647
169
208
648
170
209
649
171
210
650
172
211
651
173
212
652
174
213
653
175
214
654
176
215
655
177
216
656
178
217
657
179
218
658
180
219
659
181
220
660
182
221
661
183
222
662
184
223
663
185
224
664
186
225
665
187
226
666
188
227
667
189
228
668
190
229
669
191
230
670
192
231
671
193
232
672
194
233
673
195
234
674
196
235
675
197
236
676
198
237
677
199
238
678
239
679
201
240
680
202
241
681
203
242
682
204
243
683
205
244
684
206
245
685
207
246
686
208
247
687
209
248
688
210
249
689
211
250
690
212
251
691
213
252
692
214
253
693
215
254
694
216
255
695
217
256
696
218
257
697
219
258
698
220
259
699
221
260
700
222
261
701
223
262
702
224
263
703
225
264
704
226
265
705
227
266
706
228
267
707
229
268
708
230
269
709
231
270
710
232
271
711
233
272
712
234
273
713
235
274
714
236
275
715
237
276
716
238
277
717
239
278
718
279
719
241
280
720
242
281
721
243
282
722
244
283
723
245
284
724
246
285
725
247
286
726
248
287
727
249
288
728
250
289
729
251
290
730
252
291
731
253
292
732
254
293
733
255
294
734
256
295
735
257
296
736
258
297
737
259
298
738
260
299
739
261
300
740
262
301
741
263
302
742
264
303
743
265
304
744
266
305
745
267
306
746
268
307
747
269
308
748
270
309
749
271
310
750
272
311
751
273
312
752
274
313
753
275
314
754
276
315
755
277
316
756
278
317
757
279
318
758
319
759
281
320
760
282
321
761
283
322
762
284
323
763
285
324
764
286
325
765
287
326
766
288
327
767
289
328
768
290
329
769
291
330
770
292
331
771
293
332
772
294
333
773
295
334
774
296
335
775
297
336
776
298
337
777
299
338
778
300
339
779
301
340
780
302
341
781
303
342
782
304
343
783
305
344
784
306
345
785
307
346
786
308
347
787
309
348
788
310
349
789
311
350
790
312
351
791
313
352
792
314
353
793
315
354
794
316
355
795
317
356
796
318
357
797
319
358
798
359
799
321
360
800
322
361
801
323
362
802
324
363
803
325
364
804
326
365
805
327
366
806
328
367
807
329
368
808
330
369
809
331
370
810
332
371
811
333
372
812
334
373
813
335
374
814
336
375
815
337
376
816
338
377
817
339
378
818
340
379
819
341
380
820
342
381
821
343
382
822
344
383
823
345
384
824
346
385
825
347
386
826
348
387
827
349
388
828
350
389
829
351
390
830
352
391
831
353
392
832
354
393
833
355
394
834
356
395
835
357
396
836
358
397
837
359
398
838
399
839
361
400
840
362
401
841
363
402
842
364
403
843
365
404
844
366
405
845
367
406
846
368
407
847
369
408
848
370
409
849
371
410
850
372
411
851
373
412
852
374
413
853
375
414
854
376
415
855
377
416
856
378
417
857
379
418
858
380
419
859
381
420
860
382
421
861
383
422
862
384
423
863
385
424
864
386
425
865
387
426
866
388
427
867
389
428
868
390
429
869
391
430
870
392
431
871
393
432
872
394
433
873
395
434
874
396
435
875
397
436
876
398
437
877
399
438
878
439
879
401
440
880
402
441
881
403
442
882
404
443
883
405
444
884
406
445
885
407
446
886
408
447
887
409
448
888
410
449
889
411
450
890
412
451
891
413
452
892
414
453
893
415
454
894
416
455
895
417
456
896
418
457
897
419
458
898
420
459
899
421
460
900
422
461
901
423
462
902
424
463
903
425
464
904
426
465
905
427
466
906
428
467
907
429
468
908
430
469
909
431
470
910
432
471
911
433
472
912
434
473
913
435
474
914
436
475
915
437
476
916
438
477
917
439
478
918
479
919
441
920
442
921
443
922
444
923
445
924
446
925
447
926
448
927
449
928
450
929
451
930
452
931
453
932
454
933
455
934
456
935
457
936
458
937
459
938
460
939
461
940
462
941
463
942
464
943
465
944
466
945
467
946
468
947
469
948
470
949
471
950
472
951
473
952
474
953
475
954
476
955
477
956
478
957
479
958
959
481
520
960
482
521
961
483
522
962
484
523
963
485
524
964
486
525
965
487
526
966
488
527
967
489
528
968
490
529
969
491
530
970
492
531
971
493
532
972
494
533
973
495
534
974
496
535
975
497
536
976
498
537
977
499
538
978
500
539
979
501
540
980
502
541
981
503
542
982
504
543
983
505
544
984
506
545
985
507
546
986
508
547
987
509
548
988
510
549
989
511
550
990
512
551
991
513
552
992
514
553
993
515
554
994
516
555
995
517
556
996
518
557
997
519
558
998
559
999
521
560
1000
522
561
1001
523
562
1002
524
563
1003
525
564
1004
526
565
1005
527
566
1006
528
567
1007
529
568
1008
530
569
1009
531
570
1010
532
571
1011
533
572
1012
534
573
1013
535
574
1014
536
575
1015
537
576
1016
538
577
1017
539
578
1018
540
579
1019
541
580
1020
542
581
1021
543
582
1022
544
583
1023
545
584
1024
546
585
1025
547
586
1026
548
587
1027
549
588
1028
550
589
1029
551
590
1030
552
591
1031
553
592
1032
554
593
1033
555
594
1034
556
595
1035
557
596
1036
558
597
1037
559
598
1038
599
1039
561
600
1040
562
601
1041
563
602
1042
564
603
1043
565
604
1044
566
605
1045
567
606
1046
568
607
1047
569
608
1048
570
609
1049
571
610
1050
572
611
1051
573
612
1052
574
613
1053
575
614
1054
576
615
1055
577
616
1056
578
617
1057
579
618
1058
580
619
1059
581
620
1060
582
621
1061
583
622
1062
584
623
1063
585
624
1064
586
625
1065
587
626
1066
588
627
1067
589
628
1068
590
629
1069
591
630
1070
592
631
1071
593
632
1072
594
633
1073
595
634
1074
596
635
1075
597
636
1076
598
637
1077
599
638
1078
639
1079
601
640
1080
602
641
1081
603
642
1082
604
643
1083
605
644
1084
606
645
1085
607
646
1086
608
647
1087
609
648
1088
610
649
1089
611
650
1090
612
651
1091
613
652
1092
614
653
1093
615
654
1094
616
655
1095
617
656
1096
618
657
1097
619
658
1098
620
659
1099
621
660
1100
622
661
1101
623
662
1102
624
663
1103
625
664
1104
626
665
1105
627
666
1106
628
667
1107
629
668
1108
630
669
1109
631
670
1110
632
671
1111
633
672
1112
634
673
1113
635
674
1114
636
675
1115
637
676
1116
638
677
1117
639
678
1118
679
1119
641
680
1120
642
681
1121
643
682
1122
644
683
1123
645
684
1124
646
685
1125
647
686
1126
648
687
1127
649
688
1128
650
689
1129
651
690
1130
652
691
1131
653
692
1132
654
693
1133
655
694
1134
656
695
1135
657
696
1136
658
697
1137
659
698
1138
660
699
1139
661
700
1140
662
701
1141
663
702
1142
664
703
1143
665
704
1144
666
705
1145
667
706
1146
668
707
1147
669
708
1148
670
709
1149
671
710
1150
672
711
1151
673
712
1152
674
713
1153
675
714
1154
676
715
1155
677
716
1156
678
717
1157
679
718
1158
719
1159
681
720
1160
682
721
1161
683
722
1162
684
723
1163
685
724
1164
686
725
1165
687
726
1166
688
727
1167
689
728
1168
690
729
1169
691
730
1170
692
731
1171
693
732
1172
694
733
1173
695
734
1174
696
735
1175
697
736
1176
698
737
1177
699
738
1178
700
739
1179
701
740
1180
702
741
1181
703
742
1182
704
743
1183
705
744
1184
706
745
1185
707
746
1186
708
747
1187
709
748
1188
710
749
1189
711
750
1190
712
751
1191
713
752
1192
714
753
1193
715
754
1194
716
755
1195
717
756
1196
718
757
1197
719
758
1198
759
1199
721
760
1200
722
761
1201
723
762
1202
724
763
1203
725
764
1204
726
765
1205
727
766
1206
728
767
1207
729
768
1208
730
769
1209
731
770
1210
732
771
1211
733
772
1212
734
773
1213
735
774
1214
736
775
1215
737
776
1216
738
777
1217
739
778
1218
740
779
1219
741
780
1220
742
781
1221
743
782
1222
744
783
1223
745
784
1224
746
785
1225
747
786
1226
748
787
1227
749
788
1228
750
789
1229
751
790
1230
752
791
1231
753
792
1232
754
793
1233
755
794
1234
756
795
1235
757
796
1236
758
797
1237
759
798
1238
799
1239
761
800
1240
762
801
1241
763
802
1242
764
803
1243
765
804
1244
766
805
1245
767
806
1246
768
807
1247
769
808
1248
770
809
1249
771
810
1250
772
811
1251
773
812
1252
774
813
1253
775
814
1254
776
815
1255
777
816
1256
778
817
1257
779
818
1258
780
819
1259
781
820
1260
782
821
1261
783
822
1262
784
823
1263
785
824
1264
786
825
1265
787
826
1266
788
827
1267
789
828
1268
790
829
1269
791
830
1270
792
831
1271
793
832
1272
794
833
1273
795
834
1274
796
835
1275
797
836
1276
798
837
1277
799
838
1278
839
1279
801
840
1280
802
841
1281
803
842
1282
804
843
1283
805
844
1284
806
845
1285
807
846
1286
808
847
1287
809
848
1288
810
849
1289
811
850
1290
812
851
1291
813
852
1292
814
853
1293
815
854
1294
816
855
1295
817
856
1296
818
857
1297
819
858
1298
820
859
1299
821
860
1300
822
861
1301
823
862
1302
824
863
1303
825
864
1304
826
865
1305
827
866
1306
828
867
1307
829
868
1308
830
869
1309
831
870
1310
832
871
1311
833
872
1312
834
873
1313
835
874
1314
836
875
1315
837
876
1316
838
877
1317
839
878
1318
879
1319
841
880
1320
842
881
1321
843
882
1322
844
883
1323
845
884
1324
846
885
1325
847
886
1326
848
887
1327
849
888
1328
850
889
1329
851
890
1330
852
891
1331
853
892
1332
854
893
1333
855
894
1334
856
895
1335
857
896
1336
858
897
1337
859
898
1338
860
899
1339
861
900
1340
862
901
1341
863
902
1342
864
903
1343
865
904
1344
866
905
1345
867
906
1346
868
907
1347
869
908
1348
870
909
1349
871
910
1350
872
911
1351
873
912
1352
874
913
1353
875
914
1354
876
915
1355
877
916
1356
878
917
1357
879
918
1358
919
1359
881
920
1360
882
921
1361
883
922
1362
884
923
1363
885
924
1364
886
925
1365
887
926
1366
888
927
1367
889
928
1368
890
929
1369
891
930
1370
892
931
1371
893
932
1372
894
933
1373
895
934
1374
896
935
1375
897
936
1376
898
937
1377
899
938
1378
900
939
1379
901
940
1380
902
941
1381
903
942
1382
904
943
1383
905
944
1384
906
945
1385
907
946
1386
908
947
1387
909
948
1388
910
949
1389
911
950
1390
912
951
1391
913
952
1392
914
953
1393
915
954
1394
916
955
1395
917
956
1396
918
957
1397
919
958
1398
959
1399
921
1400
922
1401
923
1402
924
1403
925
1404
926
1405
927
1406
928
1407
929
1408
930
1409
931
1410
932
1411
933
1412
934
1413
935
1414
936
1415
937
1416
938
1417
939
1418
940
1419
941
1420
942
1421
943
1422
944
1423
945
1424
946
1425
947
1426
948
1427
949
1428
950
1429
951
1430
952
1431
953
1432
954
1433
955
1434
956
1435
957
1436
958
1437
959
1438
1439
961
1000
1440
962
1001
1441
963
1002
1442
964
1003
1443
965
1004
1444
966
1005
1445
967
1006
1446
968
1007
1447
969
1008
1448
970
1009
1449
971
1010
1450
972
1011
1451
973
1012
1452
974
1013
1453
975
1014
1454
976
1015
1455
977
1016
1456
978
1017
1457
979
1018
1458
980
1019
1459
981
1020
1460
982
1021
1461
983
1022
1462
984
1023
1463
985
1024
1464
986
1025
1465
987
1026
1466
988
1027
1467
989
1028
1468
990
1029
1469
991
1030
1470
992
1031
1471
993
1032
1472
994
1033
1473
995
1034
1474
996
1035
1475
997
1036
1476
998
1037
1477
999
1038
1478
1039
1479
1001
1040
1480
1002
1041
1481
1003
1042
1482
1004
1043
1483
1005
1044
1484
1006
1045
1485
1007
1046
1486
1008
1047
1487
1009
1048
1488
1010
1049
1489
1011
1050
1490
1012
1051
1491
1013
1052
1492
1014
1053
1493
1015
1054
1494
1016
1055
1495
1017
1056
1496
1018
1057
1497
1019
1058
1498
1020
1059
1499
1021
1060
1500
1022
1061
1501
1023
1062
1502
1024
1063
1503
1025
1064
1504
1026
1065
1505
1027
1066
1506
1028
1067
1507
1029
1068
1508
1030
1069
1509
1031
1070
1510
1032
1071
1511
1033
1072
1512
1034
1073
1513
1035
1074
1514
1036
1075
1515
1037
1076
1516
1038
1077
1517
1039
1078
1518
1079
1519
1041
1080
1520
1042
1081
1521
1043
1082
1522
1044
1083
1523
1045
1084
1524
1046
1085
1525
1047
1086
1526
1048
1087
1527
1049
1088
1528
1050
1089
1529
1051
1090
1530
1052
1091
1531
1053
1092
1532
1054
1093
1533
1055
1094
1534
1056
1095
1535
1057
1096
1536
1058
1097
1537
1059
1098
1538
1060
1099
1539
1061
1100
1540
1062
1101
1541
1063
1102
1542
1064
1103
1543
1065
1104
1544
1066
1105
1545
1067
1106
1546
1068
1107
1547
1069
1108
1548
1070
1109
1549
1071
1110
1550
1072
1111
1551
1073
1112
1552
1074
1113
1553
1075
1114
1554
1076
1115
1555
1077
1116
1556
1078
1117
1557
1079
1118
1558
1119
1559
1081
1120
1560
1082
1121
1561
1083
1122
1562
1084
1123
1563
1085
1124
1564
1086
1125
1565
1087
1126
1566
1088
1127
1567
1089
1128
1568
1090
1129
1569
1091
1130
1570
1092
1131
1571
1093
1132
1572
1094
1133
1573
1095
1134
1574
1096
1135
1575
1097
1136
1576
1098
1137
1577
1099
1138
1578
1100
1139
1579
1101
1140
1580
1102
1141
1581
1103
1142
1582
1104
1143
1583
1105
1144
1584
1106
1145
1585
1107
1146
1586
1108
1147
1587
1109
1148
1588
1110
1149
1589
1111
1150
1590
1112
1151
1591
1113
1152
1592
1114
1153
1593
1115
1154
1594
1116
1155
1595
1117
1156
1596
1118
1157
1597
1119
1158
1598
1159
1599
1121
1160
1600
1122
1161
1601
1123
1162
1602
1124
1163
1603
1125
1164
1604
1126
1165
1605
1127
1166
1606
1128
1167
1607
1129
1168
1608
1130
1169
1609
1131
1170
1610
1132
1171
1611
1133
1172
1612
1134
1173
1613
1135
1174
1614
1136
1175
1615
1137
1176
1616
1138
1177
1617
1139
1178
1618
1140
1179
1619
1141
1180
1620
1142
1181
1621
1143
1182
1622
1144
1183
1623
1145
1184
1624
1146
1185
1625
1147
1186
1626
1148
1187
1627
1149
1188
1628
1150
1189
1629
1151
1190
1630
1152
1191
1631
1153
1192
1632
1154
1193
1633
1155
1194
1634
1156
1195
1635
1157
1196
1636
1158
1197
1637
1159
1198
1638
1199
1639
1161
1200
1640
1162
1201
1641
1163
1202
1642
1164
1203
1643
1165
1204
1644
1166
1205
1645
1167
1206
1646
1168
1207
1647
1169
1208
1648
1170
1209
1649
1171
1210
1650
1172
1211
1651
1173
1212
1652
1174
1213
1653
1175
1214
1654
1176
1215
1655
1177
1216
1656
1178
1217
1657
1179
1218
1658
1180
1219
1659
1181
1220
1660
1182
1221
1661
1183
1222
1662
1184
1223
1663
1185
1224
1664
1186
1225
1665
1187
1226
1666
1188
1227
1667
1189
1228
1668
1190
1229
1669
1191
1230
1670
1192
1231
1671
1193
1232
1672
1194
1233
1673
1195
1234
1674
1196
1235
1675
1197
1236
1676
1198
1237
1677
1199
1238
1678
1239
1679
1201
1240
1680
1202
1241
1681
1203
1242
1682
1204
1243
1683
1205
1244
1684
1206
1245
1685
1207
1246
1686
1208
1247
1687
1209
1248
1688
1210
1249
1689
1211
1250
1690
1212
1251
1691
1213
1252
1692
1214
1253
1693
1215
1254
1694
1216
1255
1695
1217
1256
1696
1218
1257
1697
1219
1258
1698
1220
1259
1699
1221
1260
1700
1222
1261
1701
1223
1262
1702
1224
1263
1703
1225
1264
1704
1226
1265
1705
1227
1266
1706
1228
1267
1707
1229
1268
1708
1230
1269
1709
1231
1270
1710
1232
1271
1711
1233
1272
1712
1234
1273
1713
1235
1274
1714
1236
1275
1715
1237
1276
1716
1238
1277
1717
1239
1278
1718
1279
1719
1241
1280
1720
1242
1281
1721
1243
1282
1722
1244
1283
1723
1245
1284
1724
1246
1285
1725
1247
1286
1726
1248
1287
1727
1249
1288
1728
1250
1289
1729
1251
1290
1730
1252
1291
1731
1253
1292
1732
1254
1293
1733
1255
1294
1734
1256
1295
1735
1257
1296
1736
1258
1297
1737
1259
1298
1738
1260
1299
1739
1261
1300
1740
1262
1301
1741
1263
1302
1742
1264
1303
1743
1265
1304
1744
1266
1305
1745
1267
1306
1746
1268
1307
1747
1269
1308
1748
1270
1309
1749
1271
1310
1750
1272
1311
1751
1273
1312
1752
1274
1313
1753
1275
1314
1754
1276
1315
1755
1277
1316
1756
1278
1317
1757
1279
1318
1758
1319
1759
1281
1320
1760
1282
1321
1761
1283
1322
1762
1284
1323
1763
1285
1324
1764
1286
1325
1765
1287
1326
1766
1288
1327
1767
1289
1328
1768
1290
1329
1769
1291
1330
1770
1292
1331
1771
1293
1332
1772
1294
1333
1773
1295
1334
1774
1296
1335
1775
1297
1336
1776
1298
1337
1777
1299
1338
1778
1300
1339
1779
1301
1340
1780
1302
1341
1781
1303
1342
1782
1304
1343
1783
1305
1344
1784
1306
1345
1785
1307
1346
1786
1308
1347
1787
1309
1348
1788
1310
1349
1789
1311
1350
1790
1312
1351
1791
1313
1352
1792
1314
1353
1793
1315
1354
1794
1316
1355
1795
1317
1356
1796
1318
1357
1797
1319
1358
1798
1359
1799
1321
1360
1800
1322
1361
1801
1323
1362
1802
1324
1363
1803
1325
1364
1804
1326
1365
1805
1327
1366
1806
1328
1367
1807
1329
1368
1808
1330
1369
1809
1331
1370
1810
1332
1371
1811
1333
1372
1812
1334
1373
1813
1335
1374
1814
1336
1375
1815
1337
1376
1816
1338
1377
1817
1339
1378
1818
1340
1379
1819
1341
1380
1820
1342
1381
1821
1343
1382
1822
1344
1383
1823
1345
1384
1824
1346
1385
1825
1347
1386
1826
1348
1387
1827
1349
1388
1828
1350
1389
1829
1351
1390
1830
1352
1391
1831
1353
1392
1832
1354
1393
1833
1355
1394
1834
1356
1395
1835
1357
1396
1836
1358
1397
1837
1359
1398
1838
1399
1839
1361
1400
1840
1362
1401
1841
1363
1402
1842
1364
1403
1843
1365
1404
1844
1366
1405
1845
1367
1406
1846
1368
1407
1847
1369
1408
1848
1370
1409
1849
1371
1410
1850
1372
1411
1851
1373
1412
1852
1374
1413
1853
1375
1414
1854
1376
1415
1855
1377
1416
1856
1378
1417
1857
1379
1418
1858
1380
1419
1859
1381
1420
1860
1382
1421
1861
1383
1422
1862
1384
1423
1863
1385
1424
1864
1386
1425
1865
1387
1426
1866
1388
1427
1867
1389
1428
1868
1390
1429
1869
1391
1430
1870
1392
1431
1871
1393
1432
1872
1394
1433
1873
1395
1434
1874
1396
1435
1875
1397
1436
1876
1398
1437
1877
1399
1438
1878
1439
1879
1401
1880
1402
1881
1403
1882
1404
1883
1405
1884
1406
1885
1407
1886
1408
1887
1409
1888
1410
1889
1411
1890
1412
1891
1413
1892
1414
1893
1415
1894
1416
1895
1417
1896
1418
1897
1419
1898
1420
1899
1421
1900
1422
1901
1423
1902
1424
1903
1425
1904
1426
1905
1427
1906
1428
1907
1429
1908
1430
1909
1431
1910
1432
1911
1433
1912
1434
1913
1435
1914
1436
1915
1437
1916
1438
1917
1439
1918
1919
1441
1480
1920
1442
1481
1921
1443
1482
1922
1444
1483
1923
1445
1484
1924
1446
1485
1925
1447
1486
1926
1448
1487
1927
1449
1488
1928
1450
1489
1929
1451
1490
1930
1452
1491
1931
1453
1492
1932
1454
1493
1933
1455
1494
1934
1456
1495
1935
1457
1496
1936
1458
1497
1937
1459
1498
1938
1460
1499
1939
1461
1500
1940
1462
1501
1941
1463
1502
1942
1464
1503
1943
1465
1504
1944
1466
1505
1945
1467
1506
1946
1468
1507
1947
1469
1508
1948
1470
1509
1949
1471
1510
1950
1472
1511
1951
1473
1512
1952
1474
1513
1953
1475
1514
1954
1476
1515
1955
1477
1516
1956
1478
1517
1957
1479
1518
1958
1519
1959
1481
1520
1960
1482
1521
1961
1483
1522
1962
1484
1523
1963
1485
1524
1964
1486
1525
1965
1487
1526
1966
1488
1527
1967
1489
1528
1968
1490
1529
1969
1491
1530
1970
1492
1531
1971
1493
1532
1972
1494
1533
1973
1495
1534
1974
1496
1535
1975
1497
1536
1976
1498
1537
1977
1499
1538
1978
1500
1539
1979
1501
1540
1980
1502
1541
1981
1503
1542
1982
1504
1543
1983
1505
1544
1984
1506
1545
1985
1507
1546
1986
1508
1547
1987
1509
1548
1988
1510
1549
1989
1511
1550
1990
1512
1551
1991
1513
1552
1992
1514
1553
1993
1515
1554
1994
1516
1555
1995
1517
1556
1996
1518
1557
1997
1519
1558
1998
1559
1999
1521
1560
2000
1522
1561
2001
1523
1562
2002
1524
1563
2003
1525
1564
2004
1526
1565
2005
1527
1566
2006
1528
1567
2007
1529
1568
2008
1530
1569
2009
1531
1570
2010
1532
1571
2011
1533
1572
2012
1534
1573
2013
1535
1574
2014
1536
1575
2015
1537
1576
2016
1538
1577
2017
1539
1578
2018
1540
1579
2019
1541
1580
2020
1542
1581
2021
1543
1582
2022
1544
1583
2023
1545
1584
2024
1546
1585
2025
1547
1586
2026
1548
1587
2027
1549
1588
2028
1550
1589
2029
1551
1590
2030
1552
1591
2031
1553
1592
2032
1554
1593
2033
1555
1594
2034
1556
1595
2035
1557
1596
2036
1558
1597
2037
1559
1598
2038
1599
2039
1561
1600
2040
1562
1601
2041
1563
1602
2042
1564
1603
2043
1565
1604
2044
1566
1605
2045
1567
1606
2046
1568
1607
2047
1569
1608
2048
1570
1609
2049
1571
1610
2050
1572
1611
2051
1573
1612
2052
1574
1613
2053
1575
1614
2054
1576
1615
2055
1577
1616
2056
1578
1617
2057
1579
1618
2058
1580
1619
2059
1581
1620
2060
1582
1621
2061
1583
1622
2062
1584
1623
2063
1585
1624
2064
1586
1625
2065
1587
1626
2066
1588
1627
2067
1589
1628
2068
1590
1629
2069
1591
1630
2070
1592
1631
2071
1593
1632
2072
1594
1633
2073
1595
1634
2074
1596
1635
2075
1597
1636
2076
1598
1637
2077
1599
1638
2078
1639
2079
1601
1640
2080
1602
1641
2081
1603
1642
2082
1604
1643
2083
1605
1644
2084
1606
1645
2085
1607
1646
2086
1608
1647
2087
1609
1648
2088
1610
1649
2089
1611
1650
2090
1612
1651
2091
1613
1652
2092
1614
1653
2093
1615
1654
2094
1616
1655
2095
1617
1656
2096
1618
1657
2097
1619
1658
2098
1620
1659
2099
1621
1660
2100
1622
1661
2101
1623
1662
2102
1624
1663
2103
1625
1664
2104
1626
1665
2105
1627
1666
2106
1628
1667
2107
1629
1668
2108
1630
1669
2109
1631
1670
2110
1632
1671
2111
1633
1672
2112
1634
1673
2113
1635
1674
2114
1636
1675
2115
1637
1676
2116
1638
1677
2117
1639
1678
2118
1679
2119
1641
1680
2120
1642
1681
2121
1643
1682
2122
1644
1683
2123
1645
1684
2124
1646
1685
2125
1647
1686
2126
1648
1687
2127
1649
1688
2128
1650
1689
2129
1651
1690
2130
1652
1691
2131
1653
1692
2132
1654
1693
2133
1655
1694
2134
1656
1695
2135
1657
1696
2136
1658
1697
2137
1659
1698
2138
1660
1699
2139
1661
1700
2140
1662
1701
2141
1663
1702
2142
1664
1703
2143
1665
1704
2144
1666
1705
2145
1667
1706
2146
1668
1707
2147
1669
1708
2148
1670
1709
2149
1671
1710
2150
1672
1711
2151
1673
1712
2152
1674
1713
2153
1675
1714
2154
1676
1715
2155
1677
1716
2156
1678
1717
2157
1679
1718
2158
1719
2159
1681
1720
2160
1682
1721
2161
1683
1722
2162
1684
1723
2163
1685
1724
2164
1686
1725
2165
1687
1726
2166
1688
1727
2167
1689
1728
2168
1690
1729
2169
1691
1730
2170
1692
1731
2171
1693
1732
2172
1694
1733
2173
1695
1734
2174
1696
1735
2175
1697
1736
2176
1698
1737
2177
1699
1738
2178
1700
1739
2179
1701
1740
2180
1702
1741
2181
1703
1742
2182
1704
1743
2183
1705
1744
2184
1706
1745
2185
1707
1746
2186
1708
1747
2187
1709
1748
2188
1710
1749
2189
1711
1750
2190
1712
1751
2191
1713
1752
2192
1714
1753
2193
1715
1754
2194
1716
1755
2195
1717
1756
2196
1718
1757
2197
1719
1758
2198
1759
2199
1721
1760
2200
1722
1761
2201
1723
1762
2202
1724
1763
2203
1725
1764
2204
1726
1765
2205
1727
1766
2206
1728
1767
2207
1729
1768
2208
1730
1769
2209
1731
1770
2210
1732
1771
2211
1733
1772
2212
1734
1773
2213
1735
1774
2214
1736
1775
2215
1737
1776
2216
1738
1777
2217
1739
1778
2218
1740
1779
2219
1741
1780
2220
1742
1781
2221
1743
1782
2222
1744
1783
2223
1745
1784
2224
1746
1785
2225
1747
1786
2226
1748
1787
2227
1749
1788
2228
1750
1789
2229
1751
1790
2230
1752
1791
2231
1753
1792
2232
1754
1793
2233
1755
1794
2234
1756
1795
2235
1757
1796
2236
1758
1797
2237
1759
1798
2238
1799
2239
1761
1800
2240
1762
1801
2241
1763
1802
2242
1764
1803
2243
1765
1804
2244
1766
1805
2245
1767
1806
2246
1768
1807
2247
1769
1808
2248
1770
1809
2249
1771
1810
2250
1772
1811
2251
1773
1812
2252
1774
1813
2253
1775
1814
2254
1776
1815
2255
1777
1816
2256
1778
1817
2257
1779
1818
2258
1780
1819
2259
1781
1820
2260
1782
1821
2261
1783
1822
2262
1784
1823
2263
1785
1824
2264
1786
1825
2265
1787
1826
2266
1788
1827
2267
1789
1828
2268
1790
1829
2269
1791
1830
2270
1792
1831
2271
1793
1832
2272
1794
1833
2273
1795
1834
2274
1796
1835
2275
1797
1836
2276
1798
1837
2277
1799
1838
2278
1839
2279
1801
1840
2280
1802
1841
2281
1803
1842
2282
1804
1843
2283
1805
1844
2284
1806
1845
2285
1807
1846
2286
1808
1847
2287
1809
1848
2288
1810
1849
2289
1811
1850
2290
1812
1851
2291
1813
1852
2292
1814
1853
2293
1815
1854
2294
1816
1855
2295
1817
1856
2296
1818
1857
2297
1819
1858
2298
1820
1859
2299
1821
1860
2300
1822
1861
2301
1823
1862
2302
1824
1863
2303
1825
1864
2304
1826
1865
2305
1827
1866
2306
1828
1867
2307
1829
1868
2308
1830
1869
2309
1831
1870
2310
1832
1871
2311
1833
1872
2312
1834
1873
2313
1835
1874
2314
1836
1875
2315
1837
1876
2316
1838
1877
2317
1839
1878
2318
1879
2319
1841
1880
2320
1842
1881
2321
1843
1882
2322
1844
1883
2323
1845
1884
2324
1846
1885
2325
1847
1886
2326
1848
1887
2327
1849
1888
2328
1850
1889
2329
1851
1890
2330
1852
1891
2331
1853
1892
2332
1854
1893
2333
1855
1894
2334
1856
1895
2335
1857
1896
2336
1858
1897
2337
1859
1898
2338
1860
1899
2339
1861
1900
2340
1862
1901
2341
1863
1902
2342
1864
1903
2343
1865
1904
2344
1866
1905
2345
1867
1906
2346
1868
1907
2347
1869
1908
2348
1870
1909
2349
1871
1910
2350
1872
1911
2351
1873
1912
2352
1874
1913
2353
1875
1914
2354
1876
1915
2355
1877
1916
2356
1878
1917
2357
1879
1918
2358
1919
2359
1881
2360
1882
2361
1883
2362
1884
2363
1885
2364
1886
2365
1887
2366
1888
2367
1889
2368
1890
2369
1891
2370
1892
2371
1893
2372
1894
2373
1895
2374
1896
2375
1897
2376
1898
2377
1899
2378
1900
2379
1901
2380
1902
2381
1903
2382
1904
2383
1905
2384
1906
2385
1907
2386
1908
2387
1909
2388
1910
2389
1911
2390
1912
2391
1913
2392
1914
2393
1915
2394
1916
2395
1917
2396
1918
2397
1919
2398
2399
1921
1960
2400
1922
1961
2401
1923
1962
2402
1924
1963
2403
1925
1964
2404
1926
1965
2405
1927
1966
2406
1928
1967
2407
1929
1968
2408
1930
1969
2409
1931
1970
2410
1932
1971
2411
1933
1972
2412
1934
1973
2413
1935
1974
2414
1936
1975
2415
1937
1976
2416
1938
1977
2417
1939
1978
2418
1940
1979
2419
1941
1980
2420
1942
1981
2421
1943
1982
2422
1944
1983
2423
1945
1984
2424
1946
1985
2425
1947
1986
2426
1948
1987
2427
1949
1988
2428
1950
1989
2429
1951
1990
2430
1952
1991
2431
1953
1992
2432
1954
1993
2433
1955
1994
2434
1956
1995
2435
1957
1996
2436
1958
1997
2437
1959
1998
2438
1999
2439
1961
2000
2440
1962
2001
2441
1963
2002
2442
1964
2003
2443
1965
2004
2444
1966
2005
2445
1967
2006
2446
1968
2007
2447
1969
2008
2448
1970
2009
2449
1971
2010
2450
1972
2011
2451
1973
2012
2452
1974
2013
2453
1975
2014
2454
1976
2015
2455
1977
2016
2456
1978
2017
2457
1979
2018
2458
1980
2019
2459
1981
2020
2460
1982
2021
2461
1983
2022
2462
1984
2023
2463
1985
2024
2464
1986
2025
2465
1987
2026
2466
1988
2027
2467
1989
2028
2468
1990
2029
2469
1991
2030
2470
1992
2031
2471
1993
2032
2472
1994
2033
2473
1995
2034
2474
1996
2035
2475
1997
2036
2476
1998
2037
2477
1999
2038
2478
2039
2479
2001
2040
2480
2002
2041
2481
2003
2042
2482
2004
2043
2483
2005
2044
2484
2006
2045
2485
2007
2046
2486
2008
2047
2487
2009
2048
2488
2010
2049
2489
2011
2050
2490
2012
2051
2491
2013
2052
2492
2014
2053
2493
2015
2054
2494
2016
2055
2495
2017
2056
2496
2018
2057
2497
2019
2058
2498
2020
2059
2499
2021
2060
2500
2022
2061
2501
2023
2062
2502
2024
2063
2503
2025
2064
2504
2026
2065
2505
2027
2066
2506
2028
2067
2507
2029
2068
2508
2030
2069
2509
2031
2070
2510
2032
2071
2511
2033
2072
2512
2034
2073
2513
2035
2074
2514
2036
2075
2515
2037
2076
2516
2038
2077
2517
2039
2078
2518
2079
2519
2041
2080
2520
2042
2081
2521
2043
2082
2522
2044
2083
2523
2045
2084
2524
2046
2085
2525
2047
2086
2526
2048
2087
2527
2049
2088
2528
2050
2089
2529
2051
2090
2530
2052
2091
2531
2053
2092
2532
2054
2093
2533
2055
2094
2534
2056
2095
2535
2057
2096
2536
2058
2097
2537
2059
2098
2538
2060
2099
2539
2061
2100
2540
2062
2101
2541
2063
2102
2542
2064
2103
2543
2065
2104
2544
2066
2105
2545
2067
2106
2546
2068
2107
2547
2069
2108
2548
2070
2109
2549
2071
2110
2550
2072
2111
2551
2073
2112
2552
2074
2113
2553
2075
2114
2554
2076
2115
2555
2077
2116
2556
2078
2117
2557
2079
2118
2558
2119
2559
2081
2120
2560
2082
2121
2561
2083
2122
2562
2084
2123
2563
2085
2124
2564
2086
2125
2565
2087
2126
2566
2088
2127
2567
2089
2128
2568
2090
2129
2569
2091
2130
2570
2092
2131
2571
2093
2132
2572
2094
2133
2573
2095
2134
2574
2096
2135
2575
2097
2136
2576
2098
2137
2577
2099
2138
2578
2100
2139
2579
2101
2140
2580
2102
2141
2581
2103
2142
2582
2104
2143
2583
2105
2144
2584
2106
2145
2585
2107
2146
2586
2108
2147
2587
2109
2148
2588
2110
2149
2589
2111
2150
2590
2112
2151
2591
2113
2152
2592
2114
2153
2593
2115
2154
2594
2116
2155
2595
2117
2156
2596
2118
2157
2597
2119
2158
2598
2159
2599
2121
2160
2600
2122
2161
2601
2123
2162
2602
2124
2163
2603
2125
2164
2604
2126
2165
2605
2127
2166
2606
2128
2167
2607
2129
2168
2608
2130
2169
2609
2131
2170
2610
2132
2171
2611
2133
2172
2612
2134
2173
2613
2135
2174
2614
2136
2175
2615
2137
2176
2616
2138
2177
2617
2139
2178
2618
2140
2179
2619
2141
2180
2620
2142
2181
2621
2143
2182
2622
2144
2183
2623
2145
2184
2624
2146
2185
2625
2147
2186
2626
2148
2187
2627
2149
2188
2628
2150
2189
2629
2151
2190
2630
2152
2191
2631
2153
2192
2632
2154
2193
2633
2155
2194
2634
2156
2195
2635
2157
2196
2636
2158
2197
2637
2159
2198
2638
2199
2639
2161
2200
2640
2162
2201
2641
2163
2202
2642
2164
2203
2643
2165
2204
2644
2166
2205
2645
2167
2206
2646
2168
2207
2647
2169
2208
2648
2170
2209
2649
2171
2210
2650
2172
2211
2651
2173
2212
2652
2174
2213
2653
2175
2214
2654
2176
2215
2655
2177
2216
2656
2178
2217
2657
2179
2218
2658
2180
2219
2659
2181
2220
2660
2182
2221
2661
2183
2222
2662
2184
2223
2663
2185
2224
2664
2186
2225
2665
2187
2226
2666
2188
2227
2667
2189
2228
2668
2190
2229
2669
2191
2230
2670
2192
2231
2671
2193
2232
2672
2194
2233
2673
2195
2234
2674
2196
2235
2675
2197
2236
2676
2198
2237
2677
2199
2238
2678
2239
2679
2201
2240
2680
2202
2241
2681
2203
2242
2682
2204
2243
2683
2205
2244
2684
2206
2245
2685
2207
2246
2686
2208
2247
2687
2209
2248
2688
2210
2249
2689
2211
2250
2690
2212
2251
2691
2213
2252
2692
2214
2253
2693
2215
2254
2694
2216
2255
2695
2217
2256
2696
2218
2257
2697
2219
2258
2698
2220
2259
2699
2221
2260
2700
2222
2261
2701
2223
2262
2702
2224
2263
2703
2225
2264
2704
2226
2265
2705
2227
2266
2706
2228
2267
2707
2229
2268
2708
2230
2269
2709
2231
2270
2710
2232
2271
2711
2233
2272
2712
2234
2273
2713
2235
2274
2714
2236
2275
2715
2237
2276
2716
2238
2277
2717
2239
2278
2718
2279
2719
2241
2280
2720
2242
2281
2721
2243
2282
2722
2244
2283
2723
2245
2284
2724
2246
2285
2725
2247
2286
2726
2248
2287
2727
2249
2288
2728
2250
2289
2729
2251
2290
2730
2252
2291
2731
2253
2292
2732
2254
2293
2733
2255
2294
2734
2256
2295
2735
2257
2296
2736
2258
2297
2737
2259
2298
2738
2260
2299
2739
2261
2300
2740
2262
2301
2741
2263
2302
2742
2264
2303
2743
2265
2304
2744
2266
2305
2745
2267
2306
2746
2268
2307
2747
2269
2308
2748
2270
2309
2749
2271
2310
2750
2272
2311
2751
2273
2312
2752
2274
2313
2753
2275
2314
2754
2276
2315
2755
2277
2316
2756
2278
2317
2757
2279
2318
2758
2319
2759
2281
2320
2760
2282
2321
2761
2283
2322
2762
2284
2323
2763
2285
2324
2764
2286
2325
2765
2287
2326
2766
2288
2327
2767
2289
2328
2768
2290
2329
2769
2291
2330
2770
2292
2331
2771
2293
2332
2772
2294
2333
2773
2295
2334
2774
2296
2335
2775
2297
2336
2776
2298
2337
2777
2299
2338
2778
2300
2339
2779
2301
2340
2780
2302
2341
2781
2303
2342
2782
2304
2343
2783
2305
2344
2784
2306
2345
2785
2307
2346
2786
2308
2347
2787
2309
2348
2788
2310
2349
2789
2311
2350
2790
2312
2351
2791
2313
2352
2792
2314
2353
2793
2315
2354
2794
2316
2355
2795
2317
2356
2796
2318
2357
2797
2319
2358
2798
2359
2799
2321
2360
2800
2322
2361
2801
2323
2362
2802
2324
2363
2803
2325
2364
2804
2326
2365
2805
2327
2366
2806
2328
2367
2807
2329
2368
2808
2330
2369
2809
2331
2370
2810
2332
2371
2811
2333
2372
2812
2334
2373
2813
2335
2374
2814
2336
2375
2815
2337
2376
2816
2338
2377
2817
2339
2378
2818
2340
2379
2819
2341
2380
2820
2342
2381
2821
2343
2382
2822
2344
2383
2823
2345
2384
2824
2346
2385
2825
2347
2386
2826
2348
2387
2827
2349
2388
2828
2350
2389
2829
2351
2390
2830
2352
2391
2831
2353
2392
2832
2354
2393
2833
2355
2394
2834
2356
2395
2835
2357
2396
2836
2358
2397
2837
2359
2398
2838
2399
2839
2361
2840
2362
2841
2363
2842
2364
2843
2365
2844
2366
2845
2367
2846
2368
2847
2369
2848
2370
2849
2371
2850
2372
2851
2373
2852
2374
2853
2375
2854
2376
2855
2377
2856
2378
2857
2379
2858
2380
2859
2381
2860
2382
2861
2383
2862
2384
2863
2385
2864
2386
2865
2387
2866
2388
2867
2389
2868
2390
2869
2391
2870
2392
2871
2393
2872
2394
2873
2395
2874
2396
2875
2397
2876
2398
2877
2399
2878
2879
2401
2440
2880
2402
2441
2881
2403
2442
2882
2404
2443
2883
2405
2444
2884
2406
2445
2885
2407
2446
2886
2408
2447
2887
2409
2448
2888
2410
2449
2889
2411
2450
2890
2412
2451
2891
2413
2452
2892
2414
2453
2893
2415
2454
2894
2416
2455
2895
2417
2456
2896
2418
2457
2897
2419
2458
2898
2420
2459
2899
2421
2460
2900
2422
2461
2901
2423
2462
2902
2424
2463
2903
2425
2464
2904
2426
2465
2905
2427
2466
2906
2428
2467
2907
2429
2468
2908
2430
2469
2909
2431
2470
2910
2432
2471
2911
2433
2472
2912
2434
2473
2913
2435
2474
2914
2436
2475
2915
2437
2476
2916
2438
2477
2917
2439
2478
2918
2479
2919
2441
2480
2920
2442
2481
2921
2443
2482
2922
2444
2483
2923
2445
2484
2924
2446
2485
2925
2447
2486
2926
2448
2487
2927
2449
2488
2928
2450
2489
2929
2451
2490
2930
2452
2491
2931
2453
2492
2932
2454
2493
2933
2455
2494
2934
2456
2495
2935
2457
2496
2936
2458
2497
2937
2459
2498
2938
2460
2499
2939
2461
2500
2940
2462
2501
2941
2463
2502
2942
2464
2503
2943
2465
2504
2944
2466
2505
2945
2467
2506
2946
2468
2507
2947
2469
2508
2948
2470
2509
2949
2471
2510
2950
2472
2511
2951
2473
2512
2952
2474
2513
2953
2475
2514
2954
2476
2515
2955
2477
2516
2956
2478
2517
2957
2479
2518
2958
2519
2959
2481
2520
2960
2482
2521
2961
2483
2522
2962
2484
2523
2963
2485
2524
2964
2486
2525
2965
2487
2526
2966
2488
2527
2967
2489
2528
2968
2490
2529
2969
2491
2530
2970
2492
2531
2971
2493
2532
2972
2494
2533
2973
2495
2534
2974
2496
2535
2975
2497
2536
2976
2498
2537
2977
2499
2538
2978
2500
2539
2979
2501
2540
2980
2502
2541
2981
2503
2542
2982
2504
2543
2983
2505
2544
2984
2506
2545
2985
2507
2546
2986
2508
2547
2987
2509
2548
2988
2510
2549
2989
2511
2550
2990
2512
2551
2991
2513
2552
2992
2514
2553
2993
2515
2554
2994
2516
2555
2995
2517
2556
2996
2518
2557
2997
2519
2558
2998
2559
2999
2521
2560
3000
2522
2561
3001
2523
2562
3002
2524
2563
3003
2525
2564
3004
2526
2565
3005
2527
2566
3006
2528
2567
3007
2529
2568
3008
2530
2569
3009
2531
2570
3010
2532
2571
3011
2533
2572
3012
2534
2573
3013
2535
2574
3014
2536
2575
3015
2537
2576
3016
2538
2577
3017
2539
2578
3018
2540
2579
3019
2541
2580
3020
2542
2581
3021
2543
2582
3022
2544
2583
3023
2545
2584
3024
2546
2585
3025
2547
2586
3026
2548
2587
3027
2549
2588
3028
2550
2589
3029
2551
2590
3030
2552
2591
3031
2553
2592
3032
2554
2593
3033
2555
2594
3034
2556
2595
3035
2557
2596
3036
2558
2597
3037
2559
2598
3038
2599
3039
2561
2600
3040
2562
2601
3041
2563
2602
3042
2564
2603
3043
2565
2604
3044
2566
2605
3045
2567
2606
3046
2568
2607
3047
2569
2608
3048
2570
2609
3049
2571
2610
3050
2572
2611
3051
2573
2612
3052
2574
2613
3053
2575
2614
3054
2576
2615
3055
2577
2616
3056
2578
2617
3057
2579
2618
3058
2580
2619
3059
2581
2620
3060
2582
2621
3061
2583
2622
3062
2584
2623
3063
2585
2624
3064
2586
2625
3065
2587
2626
3066
2588
2627
3067
2589
2628
3068
2590
2629
3069
2591
2630
3070
2592
2631
3071
2593
2632
3072
2594
2633
3073
2595
2634
3074
2596
2635
3075
2597
2636
3076
2598
2637
3077
2599
2638
3078
2639
3079
2601
2640
3080
2602
2641
3081
2603
2642
3082
2604
2643
3083
2605
2644
3084
2606
2645
3085
2607
2646
3086
2608
2647
3087
2609
2648
3088
2610
2649
3089
2611
2650
3090
2612
2651
3091
2613
2652
3092
2614
2653
3093
2615
2654
3094
2616
2655
3095
2617
2656
3096
2618
2657
3097
2619
2658
3098
2620
2659
3099
2621
2660
3100
2622
2661
3101
2623
2662
3102
2624
2663
3103
2625
2664
3104
2626
2665
3105
2627
2666
3106
2628
2667
3107
2629
2668
3108
2630
2669
3109
2631
2670
3110
2632
2671
3111
2633
2672
3112
2634
2673
3113
2635
2674
3114
2636
2675
3115
2637
2676
3116
2638
2677
3117
2639
2678
3118
2679
3119
2641
2680
3120
2642
2681
3121
2643
2682
3122
2644
2683
3123
2645
2684
3124
2646
2685
3125
2647
2686
3126
2648
2687
3127
2649
2688
3128
2650
2689
3129
2651
2690
3130
2652
2691
3131
2653
2692
3132
2654
2693
3133
2655
2694
3134
2656
2695
3135
2657
2696
3136
2658
2697
3137
2659
2698
3138
2660
2699
3139
2661
2700
3140
2662
2701
3141
2663
2702
3142
2664
2703
3143
2665
2704
3144
2666
2705
3145
2667
2706
3146
2668
2707
3147
2669
2708
3148
2670
2709
3149
2671
2710
3150
2672
2711
3151
2673
2712
3152
2674
2713
3153
2675
2714
3154
2676
2715
3155
2677
2716
3156
2678
2717
3157
2679
2718
3158
2719
3159
2681
2720
3160
2682
2721
3161
2683
2722
3162
2684
2723
3163
2685
2724
3164
2686
2725
3165
2687
2726
3166
2688
2727
3167
2689
2728
3168
2690
2729
3169
2691
2730
3170
2692
2731
3171
2693
2732
3172
2694
2733
3173
2695
2734
3174
2696
2735
3175
2697
2736
3176
2698
2737
3177
2699
2738
3178
2700
2739
3179
2701
2740
3180
2702
2741
3181
2703
2742
3182
2704
2743
3183
2705
2744
3184
2706
2745
3185
2707
2746
3186
2708
2747
3187
2709
2748
3188
2710
2749
3189
2711
2750
3190
2712
2751
3191
2713
2752
3192
2714
2753
3193
2715
2754
3194
2716
2755
3195
2717
2756
3196
2718
2757
3197
2719
2758
3198
2759
3199
2721
2760
3200
2722
2761
3201
2723
2762
3202
2724
2763
3203
2725
2764
3204
2726
2765
3205
2727
2766
3206
2728
2767
3207
2729
2768
3208
2730
2769
3209
2731
2770
3210
2732
2771
3211
2733
2772
3212
2734
2773
3213
2735
2774
3214
2736
2775
3215
2737
2776
3216
2738
2777
3217
2739
2778
3218
2740
2779
3219
2741
2780
3220
2742
2781
3221
2743
2782
3222
2744
2783
3223
2745
2784
3224
2746
2785
3225
2747
2786
3226
2748
2787
3227
2749
2788
3228
2750
2789
3229
2751
2790
3230
2752
2791
3231
2753
2792
3232
2754
2793
3233
2755
2794
3234
2756
2795
3235
2757
2796
3236
2758
2797
3237
2759
2798
3238
2799
3239
2761
2800
3240
2762
2801
3241
2763
2802
3242
2764
2803
3243
2765
2804
3244
2766
2805
3245
2767
2806
3246
2768
2807
3247
2769
2808
3248
2770
2809
3249
2771
2810
3250
2772
2811
3251
2773
2812
3252
2774
2813
3253
2775
2814
3254
2776
2815
3255
2777
2816
3256
2778
2817
3257
2779
2818
3258
2780
2819
3259
2781
2820
3260
2782
2821
3261
2783
2822
3262
2784
2823
3263
2785
2824
3264
2786
2825
3265
2787
2826
3266
2788
2827
3267
2789
2828
3268
2790
2829
3269
2791
2830
3270
2792
2831
3271
2793
2832
3272
2794
2833
3273
2795
2834
3274
2796
2835
3275
2797
2836
3276
2798
2837
3277
2799
2838
3278
2839
3279
2801
2840
3280
2802
2841
3281
2803
2842
3282
2804
2843
3283
2805
2844
3284
2806
2845
3285
2807
2846
3286
2808
2847
3287
2809
2848
3288
2810
2849
3289
2811
2850
3290
2812
2851
3291
2813
2852
3292
2814
2853
3293
2815
2854
3294
2816
2855
3295
2817
2856
3296
2818
2857
3297
2819
2858
3298
2820
2859
3299
2821
2860
3300
2822
2861
3301
2823
2862
3302
2824
2863
3303
2825
2864
3304
2826
2865
3305
2827
2866
3306
2828
2867
3307
2829
2868
3308
2830
2869
3309
2831
2870
3310
2832
2871
3311
2833
2872
3312
2834
2873
3313
2835
2874
3314
2836
2875
3315
2837
2876
3316
2838
2877
3317
2839
2878
3318
2879
3319
2841
3320
2842
3321
2843
3322
2844
3323
2845
3324
2846
3325
2847
3326
2848
3327
2849
3328
2850
3329
2851
3330
2852
3331
2853
3332
2854
3333
2855
3334
2856
3335
2857
3336
2858
3337
2859
3338
2860
3339
2861
3340
2862
3341
2863
3342
2864
3343
2865
3344
2866
3345
2867
3346
2868
3347
2869
3348
2870
3349
2871
3350
2872
3351
2873
3352
2874
3353
2875
3354
2876
3355
2877
3356
2878
3357
2879
3358
3359
2881
2920
3360
2882
2921
3361
2883
2922
3362
2884
2923
3363
2885
2924
3364
2886
2925
3365
2887
2926
3366
2888
2927
3367
2889
2928
3368
2890
2929
3369
2891
2930
3370
2892
2931
3371
2893
2932
3372
2894
2933
3373
2895
2934
3374
2896
2935
3375
2897
2936
3376
2898
2937
3377
2899
2938
3378
2900
2939
3379
2901
2940
3380
2902
2941
3381
2903
2942
3382
2904
2943
3383
2905
2944
3384
2906
2945
3385
2907
2946
3386
2908
2947
3387
2909
2948
3388
2910
2949
3389
2911
2950
3390
2912
2951
3391
2913
2952
3392
2914
2953
3393
2915
2954
3394
2916
2955
3395
2917
2956
3396
2918
2957
3397
2919
2958
3398
2959
3399
2921
2960
3400
2922
2961
3401
2923
2962
3402
2924
2963
3403
2925
2964
3404
2926
2965
3405
2927
2966
3406
2928
2967
3407
2929
2968
3408
2930
2969
3409
2931
2970
3410
2932
2971
3411
2933
2972
3412
2934
2973
3413
2935
2974
3414
2936
2975
3415
2937
2976
3416
2938
2977
3417
2939
2978
3418
2940
2979
3419
2941
2980
3420
2942
2981
3421
2943
2982
3422
2944
2983
3423
2945
2984
3424
2946
2985
3425
2947
2986
3426
2948
2987
3427
2949
2988
3428
2950
2989
3429
2951
2990
3430
2952
2991
3431
2953
2992
3432
2954
2993
3433
2955
2994
3434
2956
2995
3435
2957
2996
3436
2958
2997
3437
2959
2998
3438
2999
3439
2961
3000
3440
2962
3001
3441
2963
3002
3442
2964
3003
3443
2965
3004
3444
2966
3005
3445
2967
3006
3446
2968
3007
3447
2969
3008
3448
2970
3009
3449
2971
3010
3450
2972
3011
3451
2973
3012
3452
2974
3013
3453
2975
3014
3454
2976
3015
3455
2977
3016
3456
2978
3017
3457
2979
3018
3458
2980
3019
3459
2981
3020
3460
2982
3021
3461
2983
3022
3462
2984
3023
3463
2985
3024
3464
2986
3025
3465
2987
3026
3466
2988
3027
3467
2989
3028
3468
2990
3029
3469
2991
3030
3470
2992
3031
3471
2993
3032
3472
2994
3033
3473
2995
3034
3474
2996
3035
3475
2997
3036
3476
2998
3037
3477
2999
3038
3478
3039
3479
3001
3040
3480
3002
3041
3481
3003
3042
3482
3004
3043
3483
3005
3044
3484
3006
3045
3485
3007
3046
3486
3008
3047
3487
3009
3048
3488
3010
3049
3489
3011
3050
3490
3012
3051
3491
3013
3052
3492
3014
3053
3493
3015
3054
3494
3016
3055
3495
3017
3056
3496
3018
3057
3497
3019
3058
3498
3020
3059
3499
3021
3060
3500
3022
3061
3501
3023
3062
3502
3024
3063
3503
3025
3064
3504
3026
3065
3505
3027
3066
3506
3028
3067
3507
3029
3068
3508
3030
3069
3509
3031
3070
3510
3032
3071
3511
3033
3072
3512
3034
3073
3513
3035
3074
3514
3036
3075
3515
3037
3076
3516
3038
3077
3517
3039
3078
3518
3079
3519
3041
3080
3520
3042
3081
3521
3043
3082
3522
3044
3083
3523
3045
3084
3524
3046
3085
3525
3047
3086
3526
3048
3087
3527
3049
3088
3528
3050
3089
3529
3051
3090
3530
3052
3091
3531
3053
3092
3532
3054
3093
3533
3055
3094
3534
3056
3095
3535
3057
3096
3536
3058
3097
3537
3059
3098
3538
3060
3099
3539
3061
3100
3540
3062
3101
3541
3063
3102
3542
3064
3103
3543
3065
3104
3544
3066
3105
3545
3067
3106
3546
3068
3107
3547
3069
3108
3548
3070
3109
3549
3071
3110
3550
3072
3111
3551
3073
3112
3552
3074
3113
3553
3075
3114
3554
3076
3115
3555
3077
3116
3556
3078
3117
3557
3079
3118
3558
3119
3559
3081
3120
3560
3082
3121
3561
3083
3122
3562
3084
3123
3563
3085
3124
3564
3086
3125
3565
3087
3126
3566
3088
3127
3567
3089
3128
3568
3090
3129
3569
3091
3130
3570
3092
3131
3571
3093
3132
3572
3094
3133
3573
3095
3134
3574
3096
3135
3575
3097
3136
3576
3098
3137
3577
3099
3138
3578
3100
3139
3579
3101
3140
3580
3102
3141
3581
3103
3142
3582
3104
3143
3583
3105
3144
3584
3106
3145
3585
3107
3146
3586
3108
3147
3587
3109
3148
3588
3110
3149
3589
3111
3150
3590
3112
3151
3591
3113
3152
3592
3114
3153
3593
3115
3154
3594
3116
3155
3595
3117
3156
3596
3118
3157
3597
3119
3158
3598
3159
3599
3121
3160
3600
3122
3161
3601
3123
3162
3602
3124
3163
3603
3125
3164
3604
3126
3165
3605
3127
3166
3606
3128
3167
3607
3129
3168
3608
3130
3169
3609
3131
3170
3610
3132
3171
3611
3133
3172
3612
3134
3173
3613
3135
3174
3614
3136
3175
3615
3137
3176
3616
3138
3177
3617
3139
3178
3618
3140
3179
3619
3141
3180
3620
3142
3181
3621
3143
3182
3622
3144
3183
3623
3145
3184
3624
3146
3185
3625
3147
3186
3626
3148
3187
3627
3149
3188
3628
3150
3189
3629
3151
3190
3630
3152
3191
3631
3153
3192
3632
3154
3193
3633
3155
3194
3634
3156
3195
3635
3157
3196
3636
3158
3197
3637
3159
3198
3638
3199
3639
3161
3200
3640
3162
3201
3641
3163
3202
3642
3164
3203
3643
3165
3204
3644
3166
3205
3645
3167
3206
3646
3168
3207
3647
3169
3208
3648
3170
3209
3649
3171
3210
3650
3172
3211
3651
3173
3212
3652
3174
3213
3653
3175
3214
3654
3176
3215
3655
3177
3216
3656
3178
3217
3657
3179
3218
3658
3180
3219
3659
3181
3220
3660
3182
3221
3661
3183
3222
3662
3184
3223
3663
3185
3224
3664
3186
3225
3665
3187
3226
3666
3188
3227
3667
3189
3228
3668
3190
3229
3669
3191
3230
3670
3192
3231
3671
3193
3232
3672
3194
3233
3673
3195
3234
3674
3196
3235
3675
3197
3236
3676
3198
3237
3677
3199
3238
3678
3239
3679
3201
3240
3680
3202
3241
3681
3203
3242
3682
3204
3243
3683
3205
3244
3684
3206
3245
3685
3207
3246
3686
3208
3247
3687
3209
3248
3688
3210
3249
3689
3211
3250
3690
3212
3251
3691
3213
3252
3692
3214
3253
3693
3215
3254
3694
3216
3255
3695
3217
3256
3696
3218
3257
3697
3219
3258
3698
3220
3259
3699
3221
3260
3700
3222
3261
3701
3223
3262
3702
3224
3263
3703
3225
3264
3704
3226
3265
3705
3227
3266
3706
3228
3267
3707
3229
3268
3708
3230
3269
3709
3231
3270
3710
3232
3271
3711
3233
3272
3712
3234
3273
3713
3235
3274
3714
3236
3275
3715
3237
3276
3716
3238
3277
3717
3239
3278
3718
3279
3719
3241
3280
3720
3242
3281
3721
3243
3282
3722
3244
3283
3723
3245
3284
3724
3246
3285
3725
3247
3286
3726
3248
3287
3727
3249
3288
3728
3250
3289
3729
3251
3290
3730
3252
3291
3731
3253
3292
3732
3254
3293
3733
3255
3294
3734
3256
3295
3735
3257
3296
3736
3258
3297
3737
3259
3298
3738
3260
3299
3739
3261
3300
3740
3262
3301
3741
3263
3302
3742
3264
3303
3743
3265
3304
3744
3266
3305
3745
3267
3306
3746
3268
3307
3747
3269
3308
3748
3270
3309
3749
3271
3310
3750
3272
3311
3751
3273
3312
3752
3274
3313
3753
3275
3314
3754
3276
3315
3755
3277
3316
3756
3278
3317
3757
3279
3318
3758
3319
3759
3281
3320
3760
3282
3321
3761
3283
3322
3762
3284
3323
3763
3285
3324
3764
3286
3325
3765
3287
3326
3766
3288
3327
3767
3289
3328
3768
3290
3329
3769
3291
3330
3770
3292
3331
3771
3293
3332
3772
3294
3333
3773
3295
3334
3774
3296
3335
3775
3297
3336
3776
3298
3337
3777
3299
3338
3778
3300
3339
3779
3301
3340
3780
3302
3341
3781
3303
3342
3782
3304
3343
3783
3305
3344
3784
3306
3345
3785
3307
3346
3786
3308
3347
3787
3309
3348
3788
3310
3349
3789
3311
3350
3790
3312
3351
3791
3313
3352
3792
3314
3353
3793
3315
3354
3794
3316
3355
3795
3317
3356
3796
3318
3357
3797
3319
3358
3798
3359
3799
3321
3800
3322
3801
3323
3802
3324
3803
3325
3804
3326
3805
3327
3806
3328
3807
3329
3808
3330
3809
3331
3810
3332
3811
3333
3812
3334
3813
3335
3814
3336
3815
3337
3816
3338
3817
3339
3818
3340
3819
3341
3820
3342
3821
3343
3822
3344
3823
3345
3824
3346
3825
3347
3826
3348
3827
3349
3828
3350
3829
3351
3830
3352
3831
3353
3832
3354
3833
3355
3834
3356
3835
3357
3836
3358
3837
3359
3838
3839
3361
3400
3840
3362
3401
3841
3363
3402
3842
3364
3403
3843
3365
3404
3844
3366
3405
3845
3367
3406
3846
3368
3407
3847
3369
3408
3848
3370
3409
3849
3371
3410
3850
3372
3411
3851
3373
3412
3852
3374
3413
3853
3375
3414
3854
3376
3415
3855
3377
3416
3856
3378
3417
3857
3379
3418
3858
3380
3419
3859
3381
3420
3860
3382
3421
3861
3383
3422
3862
3384
3423
3863
3385
3424
3864
3386
3425
3865
3387
3426
3866
3388
3427
3867
3389
3428
3868
3390
3429
3869
3391
3430
3870
3392
3431
3871
3393
3432
3872
3394
3433
3873
3395
3434
3874
3396
3435
3875
3397
3436
3876
3398
3437
3877
3399
3438
3878
3439
3879
3401
3440
3880
3402
3441
3881
3403
3442
3882
3404
3443
3883
3405
3444
3884
3406
3445
3885
3407
3446
3886
3408
3447
3887
3409
3448
3888
3410
3449
3889
3411
3450
3890
3412
3451
3891
3413
3452
3892
3414
3453
3893
3415
3454
3894
3416
3455
3895
3417
3456
3896
3418
3457
3897
3419
3458
3898
3420
3459
3899
3421
3460
3900
3422
3461
3901
3423
3462
3902
3424
3463
3903
3425
3464
3904
3426
3465
3905
3427
3466
3906
3428
3467
3907
3429
3468
3908
3430
3469
3909
3431
3470
3910
3432
3471
3911
3433
3472
3912
3434
3473
3913
3435
3474
3914
3436
3475
3915
3437
3476
3916
3438
3477
3917
3439
3478
3918
3479
3919
3441
3480
3920
3442
3481
3921
3443
3482
3922
3444
3483
3923
3445
3484
3924
3446
3485
3925
3447
3486
3926
3448
3487
3927
3449
3488
3928
3450
3489
3929
3451
3490
3930
3452
3491
3931
3453
3492
3932
3454
3493
3933
3455
3494
3934
3456
3495
3935
3457
3496
3936
3458
3497
3937
3459
3498
3938
3460
3499
3939
3461
3500
3940
3462
3501
3941
3463
3502
3942
3464
3503
3943
3465
3504
3944
3466
3505
3945
3467
3506
3946
3468
3507
3947
3469
3508
3948
3470
3509
3949
3471
3510
3950
3472
3511
3951
3473
3512
3952
3474
3513
3953
3475
3514
3954
3476
3515
3955
3477
3516
3956
3478
3517
3957
3479
3518
3958
3519
3959
3481
3520
3960
3482
3521
3961
3483
3522
3962
3484
3523
3963
3485
3524
3964
3486
3525
3965
3487
3526
3966
3488
3527
3967
3489
3528
3968
3490
3529
3969
3491
3530
3970
3492
3531
3971
3493
3532
3972
3494
3533
3973
3495
3534
3974
3496
3535
3975
3497
3536
3976
3498
3537
3977
3499
3538
3978
3500
3539
3979
3501
3540
3980
3502
3541
3981
3503
3542
3982
3504
3543
3983
3505
3544
3984
3506
3545
3985
3507
3546
3986
3508
3547
3987
3509
3548
3988
3510
3549
3989
3511
3550
3990
3512
3551
3991
3513
3552
3992
3514
3553
3993
3515
3554
3994
3516
3555
3995
3517
3556
3996
3518
3557
3997
3519
3558
3998
3559
3999
3521
3560
4000
3522
3561
4001
3523
3562
4002
3524
3563
4003
3525
3564
4004
3526
3565
4005
3527
3566
4006
3528
3567
4007
3529
3568
4008
3530
3569
4009
3531
3570
4010
3532
3571
4011
3533
3572
4012
3534
3573
4013
3535
3574
4014
3536
3575
4015
3537
3576
4016
3538
3577
4017
3539
3578
4018
3540
3579
4019
3541
3580
4020
3542
3581
4021
3543
3582
4022
3544
3583
4023
3545
3584
4024
3546
3585
4025
3547
3586
4026
3548
3587
4027
3549
3588
4028
3550
3589
4029
3551
3590
4030
3552
3591
4031
3553
3592
4032
3554
3593
4033
3555
3594
4034
3556
3595
4035
3557
3596
4036
3558
3597
4037
3559
3598
4038
3599
4039
3561
3600
4040
3562
3601
4041
3563
3602
4042
3564
3603
4043
3565
3604
4044
3566
3605
4045
3567
3606
4046
3568
3607
4047
3569
3608
4048
3570
3609
4049
3571
3610
4050
3572
3611
4051
3573
3612
4052
3574
3613
4053
3575
3614
4054
3576
3615
4055
3577
3616
4056
3578
3617
4057
3579
3618
4058
3580
3619
4059
3581
3620
4060
3582
3621
4061
3583
3622
4062
3584
3623
4063
3585
3624
4064
3586
3625
4065
3587
3626
4066
3588
3627
4067
3589
3628
4068
3590
3629
4069
3591
3630
4070
3592
3631
4071
3593
3632
4072
3594
3633
4073
3595
3634
4074
3596
3635
4075
3597
3636
4076
3598
3637
4077
3599
3638
4078
3639
4079
3601
3640
4080
3602
3641
4081
3603
3642
4082
3604
3643
4083
3605
3644
4084
3606
3645
4085
3607
3646
4086
3608
3647
4087
3609
3648
4088
3610
3649
4089
3611
3650
4090
3612
3651
4091
3613
3652
4092
3614
3653
4093
3615
3654
4094
3616
3655
4095
3617
3656
4096
3618
3657
4097
3619
3658
4098
3620
3659
4099
3621
3660
4100
3622
3661
4101
3623
3662
4102
3624
3663
4103
3625
3664
4104
3626
3665
4105
3627
3666
4106
3628
3667
4107
3629
3668
4108
3630
3669
4109
3631
3670
4110
3632
3671
4111
3633
3672
4112
3634
3673
4113
3635
3674
4114
3636
3675
4115
3637
3676
4116
3638
3677
4117
3639
3678
4118
3679
4119
3641
3680
4120
3642
3681
4121
3643
3682
4122
3644
3683
4123
3645
3684
4124
3646
3685
4125
3647
3686
4126
3648
3687
4127
3649
3688
4128
3650
3689
4129
3651
3690
4130
3652
3691
4131
3653
3692
4132
3654
3693
4133
3655
3694
4134
3656
3695
4135
3657
3696
4136
3658
3697
4137
3659
3698
4138
3660
3699
4139
3661
3700
4140
3662
3701
4141
3663
3702
4142
3664
3703
4143
3665
3704
4144
3666
3705
4145
3667
3706
4146
3668
3707
4147
3669
3708
4148
3670
3709
4149
3671
3710
4150
3672
3711
4151
3673
3712
4152
3674
3713
4153
3675
3714
4154
3676
3715
4155
3677
3716
4156
3678
3717
4157
3679
3718
4158
3719
4159
3681
3720
4160
3682
3721
4161
3683
3722
4162
3684
3723
4163
3685
3724
4164
3686
3725
4165
3687
3726
4166
3688
3727
4167
3689
3728
4168
3690
3729
4169
3691
3730
4170
3692
3731
4171
3693
3732
4172
3694
3733
4173
3695
3734
4174
3696
3735
4175
3697
3736
4176
3698
3737
4177
3699
3738
4178
3700
3739
4179
3701
3740
4180
3702
3741
4181
3703
3742
4182
3704
3743
4183
3705
3744
4184
3706
3745
4185
3707
3746
4186
3708
3747
4187
3709
3748
4188
3710
3749
4189
3711
3750
4190
3712
3751
4191
3713
3752
4192
3714
3753
4193
3715
3754
4194
3716
3755
4195
3717
3756
4196
3718
3757
4197
3719
3758
4198
3759
4199
3721
3760
4200
3722
3761
4201
3723
3762
4202
3724
3763
4203
3725
3764
4204
3726
3765
4205
3727
3766
4206
3728
3767
4207
3729
3768
4208
3730
3769
4209
3731
3770
4210
3732
3771
4211
3733
3772
4212
3734
3773
4213
3735
3774
4214
3736
3775
4215
3737
3776
4216
3738
3777
4217
3739
3778
4218
3740
3779
4219
3741
3780
4220
3742
3781
4221
3743
3782
4222
3744
3783
4223
3745
3784
4224
3746
3785
4225
3747
3786
4226
3748
3787
4227
3749
3788
4228
3750
3789
4229
3751
3790
4230
3752
3791
4231
3753
3792
4232
3754
3793
4233
3755
3794
4234
3756
3795
4235
3757
3796
4236
3758
3797
4237
3759
3798
4238
3799
4239
3761
3800
4240
3762
3801
4241
3763
3802
4242
3764
3803
4243
3765
3804
4244
3766
3805
4245
3767
3806
4246
3768
3807
4247
3769
3808
4248
3770
3809
4249
3771
3810
4250
3772
3811
4251
3773
3812
4252
3774
3813
4253
3775
3814
4254
3776
3815
4255
3777
3816
4256
3778
3817
4257
3779
3818
4258
3780
3819
4259
3781
3820
4260
3782
3821
4261
3783
3822
4262
3784
3823
4263
3785
3824
4264
3786
3825
4265
3787
3826
4266
3788
3827
4267
3789
3828
4268
3790
3829
4269
3791
3830
4270
3792
3831
4271
3793
3832
4272
3794
3833
4273
3795
3834
4274
3796
3835
4275
3797
3836
4276
3798
3837
4277
3799
3838
4278
3839
4279
3801
4280
3802
4281
3803
4282
3804
4283
3805
4284
3806
4285
3807
4286
3808
4287
3809
4288
3810
4289
3811
4290
3812
4291
3813
4292
3814
4293
3815
4294
3816
4295
3817
4296
3818
4297
3819
4298
3820
4299
3821
4300
3822
4301
3823
4302
3824
4303
3825
4304
3826
4305
3827
4306
3828
4307
3829
4308
3830
4309
3831
4310
3832
4311
3833
4312
3834
4313
3835
4314
3836
4315
3837
4316
3838
4317
3839
4318
4319
3841
3880
3842
3881
3843
3882
3844
3883
3845
3884
3846
3885
3847
3886
3848
3887
3849
3888
3850
3889
3851
3890
3852
3891
3853
3892
3854
3893
3855
3894
3856
3895
3857
3896
3858
3897
3859
3898
3860
3899
3861
3900
3862
3901
3863
3902
3864
3903
3865
3904
3866
3905
3867
3906
3868
3907
3869
3908
3870
3909
3871
3910
3872
3911
3873
3912
3874
3913
3875
3914
3876
3915
3877
3916
3878
3917
3879
3918
3919
3881
3920
3882
3921
3883
3922
3884
3923
3885
3924
3886
3925
3887
3926
3888
3927
3889
3928
3890
3929
3891
3930
3892
3931
3893
3932
3894
3933
3895
3934
3896
3935
3897
3936
3898
3937
3899
3938
3900
3939
3901
3940
3902
3941
3903
3942
3904
3943
3905
3944
3906
3945
3907
3946
3908
3947
3909
3948
3910
3949
3911
3950
3912
3951
3913
3952
3914
3953
3915
3954
3916
3955
3917
3956
3918
3957
3919
3958
3959
3921
3960
3922
3961
3923
3962
3924
3963
3925
3964
3926
3965
3927
3966
3928
3967
3929
3968
3930
3969
3931
3970
3932
3971
3933
3972
3934
3973
3935
3974
3936
3975
3937
3976
3938
3977
3939
3978
3940
3979
3941
3980
3942
3981
3943
3982
3944
3983
3945
3984
3946
3985
3947
3986
3948
3987
3949
3988
3950
3989
3951
3990
3952
3991
3953
3992
3954
3993
3955
3994
3956
3995
3957
3996
3958
3997
3959
3998
3999
3961
4000
3962
4001
3963
4002
3964
4003
3965
4004
3966
4005
3967
4006
3968
4007
3969
4008
3970
4009
3971
4010
3972
4011
3973
4012
3974
4013
3975
4014
3976
4015
3977
4016
3978
4017
3979
4018
3980
4019
3981
4020
3982
4021
3983
4022
3984
4023
3985
4024
3986
4025
3987
4026
3988
4027
3989
4028
3990
4029
3991
4030
3992
4031
3993
4032
3994
4033
3995
4034
3996
4035
3997
4036
3998
4037
3999
4038
4039
4001
4040
4002
4041
4003
4042
4004
4043
4005
4044
4006
4045
4007
4046
4008
4047
4009
4048
4010
4049
4011
4050
4012
4051
4013
4052
4014
4053
4015
4054
4016
4055
4017
4056
4018
4057
4019
4058
4020
4059
4021
4060
4022
4061
4023
4062
4024
4063
4025
4064
4026
4065
4027
4066
4028
4067
4029
4068
4030
4069
4031
4070
4032
4071
4033
4072
4034
4073
4035
4074
4036
4075
4037
4076
4038
4077
4039
4078
4079
4041
4080
4042
4081
4043
4082
4044
4083
4045
4084
4046
4085
4047
4086
4048
4087
4049
4088
4050
4089
4051
4090
4052
4091
4053
4092
4054
4093
4055
4094
4056
4095
4057
4096
4058
4097
4059
4098
4060
4099
4061
4100
4062
4101
4063
4102
4064
4103
4065
4104
4066
4105
4067
4106
4068
4107
4069
4108
4070
4109
4071
4110
4072
4111
4073
4112
4074
4113
4075
4114
4076
4115
4077
4116
4078
4117
4079
4118
4119
4081
4120
4082
4121
4083
4122
4084
4123
4085
4124
4086
4125
4087
4126
4088
4127
4089
4128
4090
4129
4091
4130
4092
4131
4093
4132
4094
4133
4095
4134
4096
4135
4097
4136
4098
4137
4099
4138
4100
4139
4101
4140
4102
4141
4103
4142
4104
4143
4105
4144
4106
4145
4107
4146
4108
4147
4109
4148
4110
4149
4111
4150
4112
4151
4113
4152
4114
4153
4115
4154
4116
4155
4117
4156
4118
4157
4119
4158
4159
4121
4160
4122
4161
4123
4162
4124
4163
4125
4164
4126
4165
4127
4166
4128
4167
4129
4168
4130
4169
4131
4170
4132
4171
4133
4172
4134
4173
4135
4174
4136
4175
4137
4176
4138
4177
4139
4178
4140
4179
4141
4180
4142
4181
4143
4182
4144
4183
4145
4184
4146
4185
4147
4186
4148
4187
4149
4188
4150
4189
4151
4190
4152
4191
4153
4192
4154
4193
4155
4194
4156
4195
4157
4196
4158
4197
4159
4198
4199
4161
4200
4162
4201
4163
4202
4164
4203
4165
4204
4166
4205
4167
4206
4168
4207
4169
4208
4170
4209
4171
4210
4172
4211
4173
4212
4174
4213
4175
4214
4176
4215
4177
4216
4178
4217
4179
4218
4180
4219
4181
4220
4182
4221
4183
4222
4184
4223
4185
4224
4186
4225
4187
4226
4188
4227
4189
4228
4190
4229
4191
4230
4192
4231
4193
4232
4194
4233
4195
4234
4196
4235
4197
4236
4198
4237
4199
4238
4239
4201
4240
4202
4241
4203
4242
4204
4243
4205
4244
4206
4245
4207
4246
4208
4247
4209
4248
4210
4249
4211
4250
4212
4251
4213
4252
4214
4253
4215
4254
4216
4255
4217
4256
4218
4257
4219
4258
4220
4259
4221
4260
4222
4261
4223
4262
4224
4263
4225
4264
4226
4265
4227
4266
4228
4267
4229
4268
4230
4269
4231
4270
4232
4271
4233
4272
4234
4273
4235
4274
4236
4275
4237
4276
4238
4277
4239
4278
4279
4241
4280
4242
4281
4243
4282
4244
4283
4245
4284
4246
4285
4247
4286
4248
4287
4249
4288
4250
4289
4251
4290
4252
4291
4253
4292
4254
4293
4255
4294
4256
4295
4257
4296
4258
4297
4259
4298
4260
4299
4261
4300
4262
4301
4263
4302
4264
4303
4265
4304
4266
4305
4267
4306
4268
4307
4269
4308
4270
4309
4271
4310
4272
4311
4273
4312
4274
4313
4275
4314
4276
4315
4277
4316
4278
4317
4279
4318
4319
4281
4282
4283
4284
4285
4286
4287
4288
4289
4290
4291
4292
4293
4294
4295
4296
4297
4298
4299
4300
4301
4302
4303
4304
4305
4306
4307
4308
4309
4310
4311
4312
4313
4314
4315
4316
4317
4318
4319
)


// ************************************************************************* //
